1226512709245657090
1226515586835976192
1226515637427671040
1226515708877647872
1226517192583368705
1226506121411735552
1226507489807654913
1226507694271598593
1226508234619576321
1226509819517046787
1226511003023749120
1226512749250961413
1226515942496198657
1226518519992418304
1226518792873947136
1226519512645865473
1226520855477440512
1226515824128798722
1226518414455451648
1226519860328509441
1226513302257307648
1226513889065603074
1226513900893548544
1226514235808677888
1226515254462554115
1226515388466417664
1226516126366126082
1226520074715983874
1226509186630070283
1226512400184205313
1226518347157843968
1226508053270261760
1226512065243877376
1226515893791969282
1226519794264006656
1226519891278168066
1226506684941635584
1226507292603973633
1226508738854555649
1226512230683947009
1226512440701177856
1226516695503790081
1226511201292648448
1226506584475553792
1226507049673998342
1226507802245419008
1226509305471434754
1226509388816560130
1226509527073333248
1226510504388177922
1226511065854418944
1226511551949135873
1226512854746107905
1226512980239626242
1226515693803311110
1226516754475749376
1226519317791019014
1226520287128293376
1226511135945510914
1226520188167839749
1226520304274546690
1226507380772478977
1226507715368890368
1226509841306390529
1226510586567168002
1226514642723315712
1226514710415233024
1226519924975206400
1226520000485318656
1226507757496524800
1226508695598698497
1226509174005272577
1226510100753502208
1226511684430389249
1226519894205849600
1226506643116044289
1226508827161436160
1226508879418318849
1226509040500563970
1226510281381040128
1226515724174340097
1226516686813237249
1226516706346110977
1226517067811168257
1226517587682570241
1226518102013366272
1226518720027054080
1226375061159890944
1226375388990976000
1226371672590180357
1226373808833146881
1226382768977928192
1226383961288585217
1226371485629067264
1226381638504001537
1226380654956482566
1226381636662681605
1226384271952224256
1226372287890415616
1226381152442867713
1226384175487488000
1226373383593525248
1226374374913118208
1226377199227408384
1226380782236729344
1226381027909697536
1226374771765497857
1226373972058628097
1226381898945089536
1226527510877417472
1226528843969826818
1226529551112601601
1226534635871535106
1226534852650061828
1226524546435616768
1226527699058987008
1226528261909491714
1226528495918075904
1226528936932323329
1226529906970054658
1226530860712763396
1226532705476759554
1226533232541360129
1226533880884289537
1226535041796321280
1226535068493123587
1226525946251038726
1226530352568709120
1226526654345904130
1226528746800386053
1226529738732208128
1226532641832390657
1226533013363752960
1226534008131072000
1226534105350909952
1226534459362725895
1226535585889824769
1226535042949795842
1226535748364578816
1226522397567746048
1226524110043459586
1226531474284961792
1226521144204898304
1226521485193416707
1226521524892585984
1226522708554457094
1226522881284280320
1226523210998566912
1226523474916757504
1226524189642940418
1226524261172600833
1226525507874885632
1226525861794471937
1226527086661292034
1226530854337437699
1226531759854178305
1226532501470023680
1226535923552268291
1226522048551432192
1226522835969024003
1226524338431590400
1226528331929128961
1226529195326607361
1226529798329110528
1226533869077303296
1226533436883640323
1226521145454813186
1226523487927521282
1226523504570511361
1226527045871472640
1226527953183526912
1226529788107657216
1226530639295504389
1226531621203070977
1226531635501371392
1226532761642684418
1226533647576109059
1226534116495110144
1226535309208412173
1226536176762396672
1226523476267347969
1226524223096705024
1226524351798947848
1226524360053313536
1226525182157873152
1226525842324455425
1226526229655846914
1226526662705188864
1226526845476200448
1226529652677775360
1226530058178879490
1226531666300149761
1226532139644133376
1226532334981320704
1226532593933438977
1226535083064033289
1226536148819943425
1226533038055657472
1226522399002234882
1226526410581454848
1226527474110148608
1226528901977051136
1226529420707614723
1226531455968387072
1226533565506228224
1226522739474944000
1226524154884763648
1226524933997649923
1226526724877438982
1226528458639101952
1226532119159111680
1226534796853219328
1226326537932288000
1226333415135252480
1226338061316837377
1226337851467534337
1226330360188932096
1226329487001948160
1226327711569915904
1226329149050179586
1226336989265514496
1226334202833956864
1226334290868350976
1226336602798030849
1226330154655334401
1226327990658879491
1226325605890895873
1226325049260433408
1226431114954276865
1226432457567764480
1226435042630623232
1226436338095882241
1226439086807879680
1226440684720345088
1226440775623417856
1226442915892862976
1226430785504317440
1226431397239414784
1226431587065171968
1226432305188655105
1226432978601029632
1226434300964417536
1226434593114513408
1226435550221082625
1226436063683579905
1226438153126469636
1226438230347780096
1226439354442297344
1226440117046435846
1226440315835473920
1226441039180943360
1226441919716306945
1226442148427567104
1226443445281095680
1226443651930132480
1226444045771247616
1226444129091059713
1226445493263314946
1226434089080836099
1226434340613230597
1226437342921015296
1226438477643825152
1226438834453405696
1226433041549139968
1226434382560481280
1226434913613811712
1226438770746109952
1226444710711042049
1226444825697931264
1226445029096468481
1226445103662878720
1226439900158988288
1226442068421226496
1226443153655377924
1226443514336116736
1226436617226858497
1226438734670974978
1226439312935399424
1226444738989117440
1226431381703741442
1226433421435637761
1226434041437663233
1226434144122609664
1226434489045352448
1226435444298145792
1226437666092322817
1226439185919291392
1226441784370376704
1226443817118769152
1226444405416091649
1226430739450867715
1226432429965160450
1226432994178666497
1226433279458529281
1226433707810095110
1226438551736287232
1226439958308773889
1226440554336137216
1226440834767294465
1226440981001703424
1226443310673297408
1226430926302961664
1226443809308971008
1226431080900808704
1226431364716691456
1226432911320256514
1226433851259543553
1226434417406730240
1226436023657410560
1226437452182802432
1226437686363348993
1226437794970718208
1226437883306954752
1226438077381517313
1226442149908140033
1226442725882519552
1226445059576487936
1226432462387064834
1226443402537029632
1226432744177184769
1226433174865162241
1226436569562742786
1226436946685255680
1226438402603700224
1226438926228959234
1226442360579612672
1226443122844065794
1226444316014514181
1226444937945866240
1226445348211691520
1226445590378221569
1226433309611352064
1226430633674670080
1226436613749735424
1226440196813676546
1226442092345511936
1226442192182554625
1226433103859798017
1226433347032842240
1226435853272125440
1226436472447938560
1226440856531558400
1226441582666305537
1226442830979223554
1226442954329464834
1226443820629417984
1226478990229147649
1226481301571751938
1226483527572541440
1226483947380584448
1226480395962679296
1226480444205654017
1226480656282259457
1226484053597130752
1226485043700387841
1226487796900093952
1226489570658865152
1226490628307144704
1226477259273506816
1226478442964803584
1226482208317333505
1226488856930902017
1226489165409288192
1226476120196907009
1226479164980523018
1226481407553409025
1226482092411957249
1226485911640322048
1226487270670290944
1226487774645301248
1226488972043571200
1226489826322632706
1226478864207138817
1226476724499755008
1226477486998982656
1226482944958771200
1226490318775869443
1226480960981667842
1226481903299158018
1226483495817666562
1226483718707195905
1226484665181016071
1226485176399691777
1226485570211401728
1226486122349518849
1226486647765831681
1226488520124125186
1226489513008074754
1226489854420230145
1226489866172686339
1226490499521007616
1226490579841880064
1226490806443397120
1226490864463175680
1226475843297435650
1226477242391367680
1226478116400508929
1226479133494071296
1226479287282405376
1226479598361366529
1226480427470381056
1226481861830025218
1226483117642440704
1226484547124178945
1226486922949939203
1226483489446473728
1226486074144370689
1226476003842613250
1226476122289864704
1226476493355847681
1226476818833846273
1226477975811563520
1226478344792924160
1226482729304326144
1226483764089573377
1226485737375223809
1226485842547482624
1226486183733190656
1226487446881394691
1226487795130171397
1226487966236803072
1226490339558592513
1226478779343785986
1226479294161006592
1226481555100573696
1226485869181382656
1226489773335945216
1226476083891130368
1226477201203376128
1226477740293054465
1226479653411360773
1226480395501391877
1226480672900091907
1226481125272510464
1226481535014010881
1226482993457442817
1226484601658454016
1226485020849819649
1226487956581625856
1226487994363842560
1226489708261277696
1226476276430655494
1226476410098900997
1226478433615720448
1226479478202937344
1226481092540215299
1226476992805134336
1226482785508085761
1226483183421710338
1226484062694629377
1226484295465865217
1226484740506689536
1226485339944050689
1226486559039533056
1226487336457949185
1226487577861120000
1226489607732318209
1226489796492693505
1226490706471993344
1226621815122014216
1226622095393730560
1226622113555062787
1226626061204627456
1226615422721589248
1226616143600857089
1226616793470558208
1226619733698543623
1226624530866720768
1226614834860417024
1226615407227871233
1226616362656727042
1226619629948280832
1226619867417194498
1226621612088348673
1226622522512281601
1226622764209115137
1226624096345239553
1226613367990779904
1226621115595923456
1226625391672090625
1226625311464443904
1226626581508087808
1226617488940597248
1226618843553988622
1226612118377594880
1226613287938404352
1226618715262812160
1226619822353657861
1226612363459203073
1226613729997021187
1226614155928576002
1226614165248319497
1226614394529996800
1226615345508646912
1226618286001065986
1226618765049286656
1226623188441927684
1226615542745837571
1226617106126573575
1226617715466612738
1226619658146631684
1226619859653595143
1226620028973461504
1226621754522640386
1226622840381812739
1226624928159555586
1226626257338687488
1226625909005979648
1226612075142828032
1226613157994455040
1226614091374047232
1226616010834432011
1226617048635265028
1226618038243463168
1226621554269638656
1226623177146671110
1226625798817427459
1226617263253577728
1226620461137657857
1226620834678214666
1226621803604430848
1226624110425518081
1226624598197841920
1226625274567122944
1226611728936525824
1226612790661652480
1226614011241910272
1226615273102413825
1226615738372325377
1226618136839049217
1226619373617582085
1226620272087912448
1226620285564178434
1226620528070406144
1226623599563476992
1226623913653874688
1226626473005649921
1226617125676212227
1226620395807219713
1226625557787488256
1226612532149878785
1226614075490217989
1226614573345787905
1226616711488638983
1226620774280318977
1226623724482433024
1226613250214813697
1226613499389935617
1226614196579774465
1226615645690900480
1226619552584388610
1226621947443851264
1226623927432159232
1226624467780198403
1226624854696382464
1226624987760668672
1226395803029250049
1226396026292056064
1226396997852237824
1226388033513152512
1226388506353819649
1226390282339586048
1226387087982825477
1226389540463665153
1226397956942655488
1226398208999424000
1226390269852938240
1226392421379997696
1226393372925087744
1226394128398921728
1226396293620228097
1226397889934581760
1226389215606378496
1226391840733237248
1226394118311567360
1226395034666188800
1226396050505814016
1226396449476202497
1226397009009160193
1226398070793003010
1226398552584269824
1226398963881988096
1226399709465645062
1226385260855922688
1226385793863888899
1226397207751995392
1226389924095488005
1226399295760404480
1226399594172616709
1226392777258393600
1226395512074579970
1226396914209447942
1226388718858178561
1226390954258698242
1226394207981576192
1226310023061688320
1226322252892950528
1226323790558322688
1226310648801439745
1226313956957937665
1226315535878520832
1226324355820462080
1226311268266627072
1226319208188960768
1226319393933709315
1226320400973520897
1226322369234587648
1226324773652910080
1226313766368956420
1226314141566107648
1226311123324088320
1226311317256097793
1226312332458020864
1226313551800913922
1226313589063069702
1226317287688417312
1226318590300827649
1226318991548964874
1226322030426914816
1226322055764881408
1226310774957625345
1226311296657887233
1226312734775664640
1226314835631038464
1226316494587465728
1226317669378514951
1226313846266171392
1226319848160059395
1226310954268401665
1226310959691640832
1226312836269432832
1226313293079490560
1226313417885200384
1226313841518272512
1226313947034345472
1226314012859813888
1226314500254642179
1226314898721923072
1226315026291740672
1226315411626627073
1226316174566268930
1226316375397949441
1226316679094919168
1226316923245387776
1226316931139067909
1226317358916083712
1226318088385302528
1226318346582360065
1226318779338149891
1226320228696678401
1226320435744247808
1226321281571794944
1226322251718500352
1226324647844687873
1226320681224286208
1226317899868012544
1226310030594596871
1226494799638941696
1226498600273948672
1226503672915464193
1226504272927477761
1226500359327277058
1226492082442907653
1226492193843695616
1226492306729185281
1226492469233188864
1226496130508304384
1226500476272861186
1226501347513597952
1226501765027311617
1226503319931088896
1226503366005706752
1226503506951057410
1226503572168282112
1226504331169533952
1226491975483846656
1226496395407917056
1226491003860901890
1226491798673133569
1226492374945234944
1226492637626216450
1226492862176645120
1226494810036592640
1226496324083777536
1226496340835930112
1226496948825468929
1226497187900743682
1226497638066991104
1226498480065126402
1226499312495947779
1226501076414799873
1226503059213291520
1226492069834895360
1226496971667578880
1226497059613790208
1226490935250432000
1226491950590824455
1226492305735065607
1226492705376808966
1226497741511065601
1226497959547662336
1226500952322080769
1226502197158072326
1226502232079769605
1226502291672457220
1226502514796892160
1226503113147899907
1226503924871520258
1226504414854295553
1226505054884110342
1226505954285555712
1226491073381519363
1226492696992370689
1226494835231731712
1226495109975486464
1226495895107260416
1226498312402018304
1226498633589231616
1226501371735789569
1226501857473892352
1226498760848617477
1226491273235877894
1226492409741180928
1226493038618431488
1226494197164892161
1226495297150423041
1226496005090181121
1226497417593356290
1226497632316665856
1226498829958205440
1226499532264853505
1226499997253935105
1226502130061717504
1226505066334638081
1226505166553337858
1226505826346655744
1226490936823336960
1226491709909016578
1226493085347016705
1226495721756598273
1226501184263000064
1226501192966180866
1226494793343229954
1226495045727145985
1226496533677453313
1226498487749050368
1226499924642189313
1226500678954180609
1226501609468956672
1226501711566704640
1226501819922354176
1226502012893790209
1226502990401589248
1226504003305033729
1226491542925381634
1226492314253713409
1226495628026490880
1226498057082146822
1226499062335262720
1226501550916427778
1226504929621180416
1226505198987890691
1226505442089668608
1226493469415428097
1226493590391721984
1226494441416019968
1226495274903842822
1226496949089685505
1226505448494370818
1226460958840774657
1226462786340958209
1226462914183389185
1226463531366846464
1226463721452646400
1226473242069807104
1226474576936304640
1226468631120371712
1226460734021869570
1226461539995131905
1226462245959454721
1226464005679702017
1226464617641267200
1226466544839950337
1226466952312283138
1226467176061833217
1226467752506011648
1226468910624649216
1226469931409010689
1226471921610633217
1226472697154007040
1226473258339446784
1226474146659524609
1226474262887829504
1226474872202809344
1226462641587183616
1226465828146700290
1226465961836007424
1226470003475611648
1226473686104002560
1226475663923798017
1226472590350442498
1226473025035436032
1226473553081577474
1226474493566210049
1226460789592203264
1226464933866590208
1226466006291419139
1226470826800709633
1226471224357924866
1226461374789844993
1226462028660924417
1226463300835254272
1226463600568610816
1226466737274728449
1226467302465560576
1226467984580976642
1226468580834922496
1226468627110604802
1226469546493710337
1226470244954275840
1226471251499192320
1226471624188350469
1226472167833034754
1226472294165491712
1226472879920943105
1226475379319279616
1226475601357365248
1226460739457732608
1226460951148449793
1226473428762480642
1226475282732867589
1226471663774113793
1226470485229277184
1226468647285248003
1226464002974343168
1226462228385280000
1226462554391793664
1226463276088864770
1226463381441437696
1226464895983591425
1226466148675395585
1226468094413025282
1226468184825507841
1226470080076304384
1226470243276554240
1226470800615759873
1226472733896253440
1226474247146659840
1226474417724829697
1226462618342301698
1226463662853980160
1226464277638402049
1226468785839837184
1226469679004176384
1226470686010429445
1226470802448625664
1226473600695382018
1226461635742699520
1226461883261243393
1226462411575701504
1226462814849638400
1226463681753604096
1226464149716250624
1226466094354849792
1226466763078012928
1226468050196672513
1226469054342365184
1226469405086928896
1226469684377243649
1226471252237398016
1226473719192834049
1226474193283354624
1226475708370890752
1226466837908594688
1226468626217259008
1226460861369376768
1226460988343537664
1226462710726111232
1226469792103747584
1226475352660336640
1226462697585287168
1226464980897337345
1226468143771475973
1226472196861833218
1226473714105167872
1226473981676605440
1226474863994560512
1226475343709720577
