1225388774634508289
1225389115899891712
1225389438768963585
1225389516183175168
1225392265922785285
1225399113690361856
1225399236222685185
1225402548477145089
1225403715848372224
1225388872848355328
1225389602674020353
1225390702353354752
1225393765357146112
1225394320146149379
1225394369563439104
1225394495807602688
1225394528171036672
1225395113045766145
1225395589270999042
1225396103518081024
1225397202740293633
1225397355702366211
1225397868745248768
1225400403384242184
1225400545302777857
1225401456498532352
1225401518922203136
1225402688113868800
1225402741142499329
1225400531755163649
1225401184187494407
1225391354341216256
1225392571930812416
1225395001988984835
1225396905510830080
1225397403639066624
1225389343336017926
1225390975469707265
1225397657457364992
1225399139355299840
1225399641858093057
1225400643499823106
1225400810114342913
1225389337027784704
1225390557192650756
1225391215719436290
1225392861799178240
1225401186939031553
1225401509912944640
1225402522912874496
1225402613971091458
1225403014510530560
1225389425263284224
1225390216292315138
1225391215010553859
1225392351805411330
1225392567610675200
1225392750071341056
1225393122861101057
1225393344446115842
1225393822525464576
1225394270728867840
1225394712456187905
1225395077176078336
1225399600493875205
1225401017736421378
1225402193131556864
1225403528220495872
1225403718876778498
1225399335095066625
1225390562217472000
1225390725367549952
1225391107665776642
1225391191631548417
1225391609421930496
1225392131268894720
1225392455345831936
1225392459741454338
1225392717469036547
1225393209192435712
1225395988191469568
1225397994838622210
1225398278449135616
1225399182355247104
1225399888759799808
1225400389677092864
1225400574235041792
1225401319021740034
1225401484369629185
1225402005100941315
1225402259586113536
1225402299562020870
1225403324356317185
1225390847874732032
1225398761431748613
1225398874434654210
1225399703904358400
1225401883851927552
1225390560179085312
1225391912737296384
1225393526248218624
1225394873144135681
1225396350378004480
1225396916403527680
1225402392428064768
1225391200317923336
1225391588949594113
1225393155333328898
1225393508468563971
1225393648935821312
1225394318879416320
1225394561138204672
1225395961947738113
1225396814955806721
1225397355534585857
1225401541387046913
1225388728820142086
1225392519279763456
1225392782170259456
1225392857328082944
1225393229970931712
1225393720289382401
1225394700271652866
1225395826295439362
1225395893651804160
1225396608797421568
1225397161963261953
1225398671656837120
1225399328342183937
1225401390094262272
1225402925612240897
1225533410543915011
1225536057665630210
1225536394459844608
1225536823876837377
1225537289088045058
1225526763507331082
1225527100104417281
1225527719477293062
1225529148501897217
1225530741225861127
1225531351471972352
1225535154287980546
1225536311395803137
1225536771091464192
1225537925280075778
1225537951226003457
1225538113050742784
1225539253574291457
1225537671663169542
1225525278140751876
1225533815604555776
1225524836124037121
1225525330691186691
1225533631722070018
1225535257614671874
1225535689636372481
1225524660219064323
1225524783342858242
1225526402419744775
1225527180425388032
1225528473080487937
1225528909229371412
1225530722523525125
1225531840817180672
1225533802820382720
1225534709356208128
1225534981063299072
1225534983751729157
1225535821769515015
1225536157729075209
1225536724861947905
1225536797117120514
1225539418838249473
1225524764346855433
1225530907215441926
1225532218367512577
1225532222318444549
1225532309186764802
1225533100169605122
1225535088462565376
1225535518496169985
1225535841864425475
1225536524286119936
1225536567692922884
1225536695132659713
1225537099769819136
1225537301910097920
1225537509943324678
1225537751375896576
1225538788451110912
1225538889844174849
1225538916121501696
1225534646294925313
1225534646978568196
1225525831805685760
1225527475591098393
1225528577803812865
1225529118965542912
1225530118120058882
1225531287383007234
1225531585761550340
1225532213673984001
1225532809944674308
1225534602330169344
1225534685184479233
1225536404341559299
1225536527482130433
1225538447483514881
1225527116994957312
1225538186262216704
1225524649859125249
1225524716418543622
1225524803941085185
1225525442725236739
1225526194063499264
1225526404965642245
1225526800371068930
1225528653871755289
1225530910981926932
1225531787268567040
1225533005390843906
1225533391052865545
1225533723640287233
1225533907606679552
1225534652078809095
1225535036881035266
1225536879019335688
1225537604294193153
1225538488931700745
1225539247417020418
1225539648228859905
1225537674645299207
1225525182900645889
1225529441943683073
1225531741072494597
1225533602777137152
1225537731826196480
1225537994486157313
1225539107415318530
1225531329003036677
1225531330395594753
1225532375121178628
1225534889379926018
1225534906262081537
1225535237805006860
1225535993350148096
1225537480134463488
1225495446598098946
1225497740790181888
1225500859792003074
1225504464016150528
1225504895412948998
1225506005452312577
1225506746338283520
1225494511222128640
1225494875057065984
1225495000206757888
1225495093005684738
1225495259658031106
1225496357454188545
1225496528942444545
1225496899450482690
1225497163242909698
1225498412226928640
1225498868307066880
1225498992798314497
1225499301222264833
1225500070830886915
1225500336162516995
1225500348720275465
1225500417162915840
1225500448448286720
1225502558258679808
1225503185781039105
1225503361316904961
1225504072121405442
1225504073773932550
1225504618823782404
1225505519286312960
1225505943212953600
1225506104534327296
1225506828647309314
1225507631936212993
1225509088324464640
1225509427756879872
1225499041938726912
1225502967341645840
1225503002490032131
1225503139396247553
1225503275610492929
1225504304162918400
1225497559654916096
1225497959762157570
1225503269780434948
1225506205801615361
1225494447632371712
1225496948398002177
1225498661553135617
1225504612544909312
1225505373941047299
1225505480233148418
1225494414090477570
1225494706425139200
1225494719339384840
1225495366939922432
1225496014410395648
1225496237736177671
1225496908199755782
1225497810537238538
1225498013839347712
1225499039933829120
1225499624707850240
1225500216910106628
1225500776673546240
1225501706902999040
1225504447935270915
1225504898818678790
1225505053068402689
1225505418635612161
1225505489129267200
1225505521165312001
1225506951133638656
1225507904100454403
1225494586312794114
1225498052263366656
1225498754335301634
1225499063598166018
1225499433539903488
1225501407404593152
1225501730680512513
1225504670971580416
1225505341812723712
1225505556238131200
1225506178580516867
1225495315404460034
1225506653539360768
1225495668854317058
1225495738844618753
1225496706302857217
1225496768034541570
1225498175294885889
1225498586491781122
1225499259694387200
1225501336608833540
1225502279119384577
1225502656766103553
1225502922773028865
1225503200545005569
1225505749729730561
1225506270058291208
1225506294280400901
1225506530172252166
1225506840303349760
1225507195158192128
1225507200908582913
1225507441015652353
1225509219287412739
1225497639401250822
1225499325092057089
1225502936140337153
1225505149679960064
1225506748733239297
1225494657607532544
1225495226615291910
1225497460581322752
1225498839643234306
1225499361968300032
1225499518105460736
1225499969685200899
1225500233674739714
1225505565025193985
1225505872656453632
1225508493509251072
1225509394470916097
1225500859913601024
1225504643372998663
1225507784709541899
1225497144209166338
1225498986309660674
1225500802564939778
1225504186663653377
1225506102323879936
1225508490183086081
1225495312594329601
1225496714070708225
1225497187733458944
1225498252100894720
1225500447009574913
1225500886941814784
1225501579865968642
1225501715023192065
1225501889309093890
1225502045848903681
1225503579340967936
1225504497608351745
1225506518063292418
1225506886641995780
1225507083149336579
1225507610796969985
1225507991442665473
1225508254719016965
1225508345349656576
1225508562090242049
1225508684849143813
1225295556416802819
1225295556412461056
1225295556567846912
1225295556521549825
1225295556513320961
1225292799852990464
1225296252683739136
1225284768755077121
1225286230998384640
1225287806177726465
1225288841059340288
1225292483925553152
1225295219647811584
1225288748000215045
1225289027521105920
1225289555630317569
1225294683871555584
1225296382807945216
1225288582040031233
1225288746465136642
1225284459261349888
1225287411367849984
1225288443585892353
1225290472727420928
1225290582764986368
1225293429250281472
1225294828507979777
1225295093416022016
1225296522964762624
1225289348574306305
1225290092652253184
1225290436849303552
1225294541101596673
1225295696581890050
1225283672544305153
1225288119706169345
1225292908049391617
1225295610217213952
1225289494733127680
1225291733807849472
1225291985197637632
1225293057131732993
1225293094956011520
1225294173634547712
1225449278522449921
1225450629683961856
1225455194219175936
1225457121061412868
1225457714958077954
1225458464979329026
1225460915061035009
1225449644638924801
1225450335461937152
1225450351563857920
1225450550541651969
1225451088851197952
1225451296892870657
1225452009429635074
1225452082649538567
1225452576616910850
1225454390481498113
1225454503333330944
1225454858507083776
1225455490471206912
1225456159013863424
1225456396465950720
1225456906065661953
1225457164757630976
1225457886551212036
1225457887788617730
1225457888845533187
1225457890238107655
1225458018843709440
1225458197919604748
1225458333299216384
1225458471124033538
1225458509161975811
1225458768261132291
1225459048377651203
1225459082309591053
1225459142242054147
1225459146322931713
1225459153541443587
1225459154250326019
1225459185590194178
1225459270264557568
1225460375036006400
1225460827584679937
1225461220016300035
1225461837942153216
1225461893554372609
1225461978820497409
1225462037423235072
1225462728237690883
1225462909364559873
1225464014555287552
1225464135078465537
1225449819713523712
1225450930755264512
1225456505593442304
1225458474751913985
1225459694032105473
1225450987596500993
1225454657021128706
1225457060172660739
1225459010171809795
1225461289520160768
1225462921892896770
1225459542294700033
1225449528670740483
1225455376876916736
1225456785944973313
1225457137415000071
1225463546483527682
1225449532101668864
1225450202565369856
1225450903047737349
1225451044085358593
1225451263732703232
1225451287233355778
1225451509032333314
1225451556465782786
1225452257451421701
1225452340934737922
1225452515761758209
1225453693161672705
1225458371102421000
1225458460046827524
1225458574375161856
1225459108914089984
1225460320493277191
1225461336798310401
1225461556483362820
1225462904578887681
1225463103623749633
1225463855498878978
1225449068031139841
1225449106560225280
1225449126277648385
1225449422617747456
1225450961210150913
1225452412321902593
1225453385308155906
1225453576283136003
1225454551559540741
1225456439919071234
1225457647719153664
1225462553855352833
1225462793060671488
1225463600938201088
1225458608575524867
1225454859308150784
1225449123748438021
1225449206694981632
1225449520512806912
1225450603037376512
1225451190298779648
1225451811257176064
1225452339936604160
1225452642077487105
1225453316743868416
1225453511883808774
1225454872474066946
1225454915440513031
1225455377023631360
1225457104649146375
1225457242796892161
1225457688861126656
1225458344497950720
1225458365356298242
1225458552262844416
1225458738569601024
1225459035249532928
1225459272097492992
1225459990439374849
1225460094793588737
1225460107057733635
1225460315682492416
1225460584340230151
1225461176869564419
1225461918229417985
1225462269238218753
1225463236646068229
1225463412861423619
1225463416309125122
1225463429823115264
1225460778851065858
1225449075161649152
1225450402642104320
1225450469851639809
1225451992841105416
1225452044225564684
1225452416478404609
1225454015204483072
1225454276337717249
1225454550036942849
1225460249487958016
1225462067966160896
1225462471860813829
1225463380120670211
1225463632097632259
1225453924313894914
1225457264343101440
1225458936788197377
1225463811106275329
1225456685562548224
1225449426371710977
1225450624126455809
1225451857713225731
1225453791803297792
1225453911710031872
1225456384424235008
1225457178921897990
1225460648835997696
1225463639106347011
1225463654193213440
1225464109476536321
1225450787247013889
1225452000093097984
1225452138127556609
1225453137290571776
1225453306908151808
1225453835096875008
1225454417882816512
1225454520974692354
1225455589741998080
1225455640748781569
1225457530672963591
1225457650386821123
1225458015354093572
1225458980077686787
1225459634263252993
1225459716547059712
1225460063386701825
1225461470990917633
1225462173486473216
1225513056257691658
1225519172324675585
1225519454135705605
1225509552700973058
1225520537075683329
1225518733461991440
1225509563392315393
1225509981560201216
1225510141392453632
1225512600324235265
1225513199820247042
1225514510733193219
1225517146316386315
1225517181221384194
1225517469021933568
1225518709806182402
1225518968556969984
1225519358576857093
1225519431087947782
1225520580914491406
1225520800347934720
1225521028954193920
1225521162312134669
1225522352370352129
1225522429990182913
1225522826016370688
1225524467478212623
1225512842113273862
1225518910226739212
1225522058232287232
1225512103567601670
1225513103498063882
1225515500685471744
1225518125736656899
1225518257760808965
1225518741552799744
1225519715214336000
1225520582533558272
1225521118355894279
1225521224618520584
1225516068678053897
1225518965771907073
1225511644740116480
1225522083335155720
1225510664409665540
1225510911382892544
1225512142608179202
1225513450111148035
1225516290728701967
1225518543632044032
1225522421517758464
1225524342001414155
1225509632967430147
1225510128922873862
1225512800052809729
1225513152705634304
1225513481010630658
1225516646036582402
1225517244773474306
1225518585012981761
1225518606399787016
1225519252960141313
1225519859922022407
1225521007374544937
1225522137047453698
1225523495062384642
1225514503099514880
1225514506085859330
1225514569755439115
1225515723616931841
1225517157171310592
1225517270274859008
1225518648116289541
1225519440017723392
1225520260205481984
1225509683106021379
1225513421954854913
1225513880593584128
1225515574362562564
1225518166538936320
1225518431572832256
1225518659361267712
1225519682402365440
1225521685983571992
1225522120215670800
1225511112273252354
1225511732115918848
1225511940786618368
1225512551183720449
1225512925324029961
1225513763669004288
1225515325724266496
1225517579143434240
1225519459273707520
1225510161822953472
1225510550966341633
1225511541186990080
1225513366690705408
1225516971749519361
1225517093082271745
1225517428987355136
1225517621589741569
1225517641542008832
1225518260734636032
1225519723233849351
1225522170262171649
1225522407898787854
1225522912658104322
1225522922661580800
1225523368876806145
1225523379144405003
1225524082424328192
1225524288024956928
1225510440026988544
1225510572684435457
1225515542024458246
1225516820960088064
1225520170258632706
1225510945499369472
1225511651975270402
1225511719138725888
1225513759847993346
1225515903288324098
1225520068563476480
1225523713765978116
1225433974056669185
1225436250578079745
1225437997384052742
1225441530510553088
1225442230707589122
1225443951240368128
1225434813550800898
1225435498728087552
1225437205528752135
1225437283698061314
1225439133914583040
1225439601310998529
1225440015058120705
1225440030421856257
1225440398635606018
1225441579302866944
1225441838858981376
1225442021642526721
1225442636540129280
1225443051369369600
1225443504349995008
1225444207441186817
1225444449343410176
1225444754067988481
1225445187469692928
1225445582489227265
1225445584502435841
1225445963403333634
1225446647594917890
1225446704176074754
1225446894677188608
1225447264426086402
1225447851192463361
1225437769796870151
1225437801103200257
1225438461282471936
1225441661154709504
1225442287448207366
1225442901360103424
1225442946901839874
1225444101715308546
1225444729845841926
1225444758115540993
1225445090849689600
1225445753037848576
1225446099672014848
1225446515788873729
1225447062289952768
1225441084236599301
1225434657187127296
1225437831528579072
1225434266139594752
1225436962972217345
1225437486870126592
1225437895386968064
1225437908766728193
1225439388903059463
1225441620130172928
1225443462633398279
1225443588869427205
1225443964863623173
1225444714893193216
1225445321309872128
1225446400097476614
1225446809104982019
1225447125724672007
1225448382187102209
1225448470703755266
1225448541507792897
1225448893606965248
1225434143732969472
1225434205175402497
1225437743678816257
1225438508501884928
1225439910448025600
1225439960670621696
1225440761380032518
1225440981581017088
1225441429432000513
1225441876225994757
1225442187732803585
1225442356280905732
1225443038853509122
1225443154154881029
1225443425102835713
1225444538329763845
1225444789992083456
1225445247800500224
1225447311813283843
1225448320325373955
1225434226000003077
1225434724115603456
1225435855906537473
1225436235260403713
1225436971927035904
1225437513885659136
1225437526783143940
1225438004187033602
1225439013823225857
1225439112393609216
1225439404333813760
1225440064349626370
1225440652743323654
1225441215803461632
1225441375010906112
1225441523829002240
1225441664845701120
1225442055255740419
1225442257114947584
1225442879767818240
1225443676102500352
1225443693194350592
1225443693731221504
1225444078566936576
1225444348025802752
1225444604620820480
1225444699009318917
1225445072918994944
1225445481414828032
1225445874555375618
1225448195540561921
1225434938713018369
1225436539402031105
1225436821309579264
1225436931783319555
1225439894551453696
1225442000524234753
1225442062117539841
1225442767482114051
1225444327150772224
1225444509879881728
1225446825123098624
1225437716638322695
1225438508845805569
1225438713620189185
1225441881321902081
1225443081081753602
1225443551195975685
1225443998220922885
1225434191011164161
1225434960028454913
1225435478511542277
1225440584409677825
1225440635567603715
1225445011774476289
1225446238860042246
1225446849168990208
1225437026897604610
1225438080401911809
1225438120138678274
1225439625436684289
1225440177545453568
1225440247045066754
1225440722184220674
1225440840308404225
1225441814016073729
1225444251649134592
1225447118141300736
1225447742455066625
1225448319058677760
1225448514727170050
1225448706083840001
1225541354308194304
1225541556960186368
1225543915794817024
1225544867826356226
1225545782704693248
1225549946327379970
1225552044850925568
1225552604706541569
1225552947515404294
1225553712246067201
1225551253318590464
1225541022408675329
1225541278076690435
1225542164177989641
1225542844913459203
1225543986460405765
1225544474018840577
1225544496965877760
1225549710062170119
1225550405964353542
1225551008228663298
1225551913606950913
1225552644145586176
1225540576386441216
1225542309179273216
1225542876295200771
1225543291221008385
1225552445830574080
1225545085850439686
1225545674269380608
1225552111032729600
1225543300691656710
1225548076036874241
1225549177247141888
1225541781691027456
1225542062931685376
1225542950366646273
1225543232253243395
1225544246603780097
1225544332066918401
1225544681473396737
1225548690640773121
1225550380614012936
1225551586421825538
1225552390230814721
1225553370141937664
1225540364938993664
1225540469439987713
1225541472163946497
1225544555178668033
1225544622979657733
1225545424423079940
1225547715699970050
1225549597541642241
1225551488229007367
1225551510890860549
1225552464604225537
1225539892891004928
1225540547038851072
1225540552118194176
1225541719187492864
1225543222258212864
1225543868403404800
1225544024259485696
1225545456509427712
1225546023885582338
1225546539571011585
1225548357805969410
1225550253178445825
1225550773188222977
1225551524799172608
1225552357368434688
1225552772789161986
1225553508352614403
1225553911945269248
1225554306977468422
1225545102875078657
1225549534035611659
1225542000117735425
1225542260894445569
1225544381387739140
1225547574469414918
1225552494631247872
1225543832525254658
1225545806419288065
1225547553321648128
1225548255163011072
1225550526462464002
1225541289636179968
1225541934418186243
1225542247963340805
1225542951113236480
1225546009385820160
1225546566502580225
1225546938050895873
1225547719965626374
1225551022678040577
1225551489101389832
1225551648124284935
1225552499492474880
1225552563929526274
1225552590735335425
1225554224550961153
1225554473357135879
1225554512976523268
1225331554085371906
1225339438710038529
1225339461954830336
1225340933081792512
1225343324749488128
1225329178029043712
1225329042389225473
1225329222786469889
1225332309353648128
1225332312247693313
1225333146901712902
1225333229160468480
1225334458871500801
1225335277083877376
1225335865116962818
1225335991843594240
1225338066270871552
1225338246479130624
1225338818900959232
1225339195675303941
1225339601650438144
1225339958417817602
1225341833347239937
1225330031313989632
1225330348231479296
1225330791435075584
1225330867670786050
1225332313443012610
1225332507228430336
1225333041993834499
1225333126169288704
1225337800809209858
1225338707223498754
1225343011606990848
1225329136887115777
1225331602596728832
1225338801230372864
1225329677256077312
1225338232818237441
1225340357807951872
1225328342653644800
1225328476431044608
1225329370312716288
1225329713318592512
1225331337013399553
1225331426331107329
1225331506752770053
1225332925853569024
1225333109345918976
1225334073306025985
1225334372393459712
1225334641990696960
1225334851114536961
1225335135924436992
1225335556210597890
1225338226279428096
1225339777010061312
1225339967657955329
1225339972657520641
1225340486405304320
1225328486698668033
1225328648212881408
1225329551665967104
1225332532343787520
1225333634800005120
1225333726986604544
1225337302853017600
1225337548223983616
1225337651605233670
1225338875230511109
1225340573822914560
1225341635346735104
1225342079854878720
1225342225078476800
1225333773614514176
1225328380503101442
1225328424702631936
1225328910268870661
1225328912126939136
1225329530706882562
1225330061714317312
1225330439826673664
1225330538346622976
1225330810456346625
1225335629841674246
1225337442674368512
1225337554699980801
1225337972012220416
1225339116436541444
1225339737361174529
1225339859230846976
1225339953355403265
1225340725891608576
1225341767266062338
1225329877676707841
1225332563469840385
1225332959663869953
1225333048712945664
1225333117365477376
1225335282830016513
1225335893323657216
1225336811230285824
1225339465385857024
1225339841740726273
1225341816360316928
1225341925911384064
1225342491811106816
1225332507668819968
1225340138038943744
1225340831755898881
1225342407539089408
1225329760395546624
1225340883651960833
1225328667682844675
1225330619439288321
1225331723937992704
1225333635403796481
1225336586562396160
1225337115283685377
1225339054981550080
1225340130489176065
1225328466612170753
1225328993102106624
1225329429158793216
1225329529079713794
1225331318818557952
1225334964771794944
1225336360095166464
1225337065447084032
1225337805414555649
1225339974318534657
1225340442071457792
1225307610989154304
1225312282554531841
1225298735183298560
1225299042009219072
1225299043141718016
1225299592150839296
1225299593081933824
1225302349679398913
1225302843575459841
1225305093265862657
1225305467603345409
1225305659085918209
1225306088674865157
1225306706126819328
1225307288719761410
1225308397182050304
1225309370759684096
1225309451466481667
1225309612141957120
1225310243334316037
1225310367053733888
1225310709665402881
1225312392680267776
1225312462855188480
1225312936823967744
1225309657842872320
1225312740639678464
1225310791705997313
1225310875382362113
1225309882666160131
1225301446339579905
1225302797530419200
1225304544948707328
1225307990493974528
1225308346120626178
1225308989224779777
1225309277881085952
1225312424846295042
1225312896332312576
1225300136542326784
1225304884876103680
1225305018447912960
1225298339337396224
1225305820608507904
1225306237421674496
1225306264818728960
1225307129260711936
1225307593486237696
1225310112283271174
1225310940360560640
1225313102863962112
1225298589590548480
1225302607188590592
1225309159161311232
1225309747437604864
1225311002079768576
1225311878806724608
1225308937949450240
1225309544185724933
1225300858037948416
1225310244341010432
1225312120235077632
1225300366159466496
1225300973901549568
1225304183093518337
1225309888902942720
1225423407749255168
1225424074664562688
1225426259448082432
1225428392201392130
1225428705943728129
1225430985896026117
1225431389874610176
1225420345248813056
1225418925485281281
1225419659509424129
1225420983399571456
1225422696248434690
1225422854075887616
1225422903312818177
1225423138848169985
1225423283060764675
1225424188426661892
1225424438843387905
1225424668892336129
1225424879022989312
1225425217457135627
1225425274445160454
1225425540322123776
1225425739333455872
1225425776872390656
1225425808602390528
1225426258470854661
1225426839788834816
1225427046454775809
1225428706803568640
1225429029546872833
1225429234627305472
1225429265803599874
1225429548981981185
1225429700929097728
1225430729837944832
1225431083820470277
1225431222433783808
1225431337441431553
1225432641605971969
1225420121864359941
1225420497090904065
1225420838029209600
1225421424720064512
1225421462187712514
1225422070261178370
1225422284053069824
1225422817614757889
1225424084697309189
1225429980244594689
1225432199073345538
1225432313720340485
1225423800768094208
1225431445868613633
1225431730460426241
1225433363252682752
1225433410975551490
1225420324323373056
1225421093625790464
1225423405568139265
1225424741349154816
1225425430771109895
1225425805725007872
1225430130027266050
1225433749174804481
1225419062768832513
1225421176345899008
1225424388885012481
1225424440072327169
1225425547829923840
1225426419431309312
1225426499974705152
1225426677750280193
1225426732645310465
1225427042537295873
1225427539247718402
1225428844397711362
1225431291299909632
1225431491016110081
1225419445700526089
1225420872820850690
1225421603128913920
1225423119977979904
1225423391487930370
1225423794690568192
1225426322928947200
1225427815236898817
1225427860971753473
1225428314019389440
1225431096696942592
1225431553603493888
1225419000689102850
1225420641211473921
1225425001865760768
1225428338589736960
1225431251496185858
1225433401697734656
1225420124124901376
1225420916689113089
1225421424577437696
1225421671470977033
1225422533173948420
1225424453867360263
1225425837958324225
1225427798866698240
1225427909378220032
1225429005505003523
1225429602547511300
1225430243768512512
1225432570818650113
1225422216998899712
1225421904787492864
1225429352462143488
1225421466117844992
1225425173505073154
1225426284274208769
1225429031694274561
1225430176743469058
1225431118624718849
1225431436288806912
1225420528313421824
1225421363571118081
1225424910752854016
1225427776880226304
1225428086763741186
1225428985439563777
1225429301622910976
1225430869969702914
1225433270118121472
1225433790404792320
1225241365526777858
1225245132271865857
1225246426105552896
1225237971764436992
1225240090886254592
1225242857629454337
1225251025663094784
1225243641268051968
1225245076890189824
1225247484840235010
1225252148675579904
1225240780937351174
1225247723407933440
1225248704959000577
1225252702860513280
1225240316908843008
1225244137307414530
1225247446747381760
1225243160386953216
1225249278366486528
1225251438898679810
1225251053836423168
1225252179008581632
1225207554189361153
1225209581284057088
1225219104237289473
1225208762157412352
1225222059367829504
1225207646682255361
1225208777814749186
1225209481291800576
1225213972632293376
1225218924700106752
1225220564970856448
1225212768212488197
1225214148793061376
1225213037289857027
