1227555333754826752
1227555427598118913
1227555792129228801
1227556933856616448
1227558107246743552
1227559940879003651
1227560886547755008
1227562540160385029
1227555400603619328
1227557344038543361
1227547906858610690
1227549179804880896
1227549646115004416
1227550198588723200
1227551839752773632
1227554487356792832
1227554504264093697
1227555302700179457
1227555318009344006
1227558936183701506
1227559611596668928
1227559695872905216
1227560239702200322
1227561480909918208
1227552585269284864
1227560433701326849
1227550891940732928
1227553869904871427
1227559986798133249
1227560743781965824
1227562701808918528
1227557631411314688
1227554954434490369
1227549660627308545
1227551813135749120
1227558676036292611
1227552620790894593
1227560456035983361
1227561720127905792
1227562068422905857
1227548135448350720
1227549005858705408
1227554247375572994
1227555019785936897
1227556616138035201
1227561816273735680
1227548047753777158
1227552493812535299
1227554656987107330
1227555310371557376
1227555349403664385
1227555685392699392
1227556450228219905
1227558330132041733
1227558639789101057
1227559878501244929
1227561011265310722
1227562688273879041
1227551018897924096
1227551426118914049
1227551435472228353
1227551902960930817
1227553429419110401
1227556552304971776
1227558276717568000
1227560271335522305
1227562252955504640
1227562987365511168
1227550801238859776
1227555581663350784
1227555982777241601
1227558470460854272
1227560873239207936
1227551089484062720
1227552279974289408
1227555580891586562
1227555794822074369
1227559274618015745
1227561601575813121
1227562799288725504
1227562922588635136
1227562943040098307
1227559383476862981
1227548961432645637
1227561682614001665
1227561977112924160
1227552267886309378
1227556816940404736
1227548445575122945
1227549255197433856
1227549581296242693
1227549702184480769
1227552563752554496
1227552923984519168
1227555656112066568
1227560084361949186
1227549954899693570
1227552748842950658
1227553026229051393
1227554291218550784
1227554458223235073
1227555676832092160
1227557146079956992
1227561249531101184
1227561598195294208
1227403105240846339
1227408612558958592
1227411665685303296
1227406831120601088
1227401692737523717
1227407232695881728
1227410965114671105
1227398780141625344
1227400447582969856
1227410332668366849
1227398172663742465
1227402876244439042
1227406669669437441
1227405292033454080
1227397946225963013
1227402413897854977
1227408502945198080
1227408949709824003
1227383658178207744
1227382360880111616
1227390196209143811
1227391649363439617
1227392278144135168
1227394854029864963
1227383085517418497
1227384409080332288
1227393025896337408
1227394875722797058
1227388995161772032
1227391520870981632
1227391909993336834
1227392267482288129
1227383871588765698
1227390370998341633
1227391735204061184
1227384220710064128
1227386813343506433
1227389018620428288
1227392786745430016
1227517864527237120
1227521350086119426
1227521597004820481
1227524502151663616
1227525052196888577
1227527601394274304
1227527710181859329
1227530225577275392
1227531374493650951
1227532424692760577
1227517818708480000
1227518203930259456
1227519136831504385
1227519301466435584
1227519506022617089
1227521192006995970
1227521628172685313
1227523576695263233
1227523777174654977
1227525240923791360
1227525338500124672
1227525787508756482
1227527050141011968
1227527690342760448
1227528035173326853
1227529688819609600
1227530863874891776
1227531088534351872
1227531424330203136
1227531668996706304
1227531729252081664
1227524719961923586
1227525709612101634
1227518965469061122
1227523033797099520
1227525670647083009
1227531925704843264
1227524451044073473
1227523741284012032
1227525461955239936
1227527827521724419
1227531045886681093
1227520480539705344
1227521858876121089
1227522427980337153
1227525372448772096
1227525872607006721
1227526310668447744
1227527072727359488
1227527872417497088
1227531735958724608
1227532417755316224
1227517819841056774
1227518454082744325
1227519702794211328
1227520272632307718
1227520701285969920
1227521148080050176
1227522427170803712
1227522657073143808
1227522889144045569
1227524804347154433
1227525378719309824
1227531751054086144
1227521414753923073
1227521512317636609
1227522682171928577
1227518774829625344
1227520675348467712
1227520900511260675
1227521891759513600
1227522096022138880
1227523424798597120
1227524188057022466
1227524506694148096
1227525404988256256
1227527179543760896
1227527583149043718
1227528174390697984
1227528695826583553
1227528865192513536
1227529119606460416
1227531427186536448
1227531805999423488
1227517726031327232
1227518160020090880
1227518507744727046
1227520793292177409
1227521993064484866
1227530589986795520
1227518714037313536
1227519586267996160
1227520979754213376
1227524026760867841
1227525754596024321
1227526618563956737
1227530172301291525
1227526425554685954
1227532694810243072
1227517873184235521
1227518676452233216
1227519285003739136
1227520075109933056
1227520812275683328
1227521511365410817
1227521763723988994
1227526831953326082
1227527064309391360
1227529383566598145
1227529611233419265
1227529788379758593
1227530326236442624
1227530353524563968
1227532227094990850
1227532608176902144
1227518576409661443
1227522821087256576
1227522934027276289
1227524218386079751
1227593436217446400
1227594615743811586
1227598774274580482
1227603122295623680
1227597405555691522
1227598515469213699
1227594809701019648
1227594979263934470
1227595059454935041
1227597799275008000
1227600629876523008
1227604155436535808
1227604463113863168
1227605610339934213
1227606145671598080
1227606313603158016
1227608116247879682
1227593422380371975
1227593937050853378
1227594433480273930
1227594639756156928
1227597741175529473
1227603068008751105
1227603540195127296
1227593214166753280
1227603351912796160
1227607357804421120
1227593765189230597
1227597896486395907
1227599348411912192
1227600479590518784
1227593393569746944
1227593445545566209
1227594950256349184
1227597024691965953
1227597239801057284
1227597387121790981
1227597749903908869
1227598241983815681
1227598627616546817
1227599203083354114
1227599226668027905
1227601074841948161
1227603278713774082
1227603595438305281
1227604340136960005
1227604811002060800
1227606204278616065
1227608161928073216
1227597313574604800
1227597314065412104
1227602044426604546
1227602077351890944
1227605412347863046
1227607069165002755
1227607319153954817
1227607428419719176
1227607704157532160
1227607849615773696
1227608156215353345
1227599525176627202
1227601289212809218
1227594404724199424
1227594716998299650
1227594717925240833
1227595913415315456
1227600144377548800
1227602952896032768
1227603400906268672
1227605863818502145
1227605992604565506
1227606068882223105
1227606537947971585
1227607402452791300
1227594865904623616
1227596342404489228
1227597414485430272
1227598134123122688
1227598718221811712
1227599844069560325
1227599944380506118
1227600189432762368
1227602259711873025
1227606716445052929
1227607909896540161
1227594133348536320
1227594796858007555
1227594941028880390
1227594942442332160
1227595546497605632
1227596556939005952
1227596585779048449
1227599346419617792
1227600876644294657
1227601810820653057
1227602154497740801
1227602850882166784
1227604668878147589
1227600241991573507
1227596611754307584
1227602216850264064
1227608016998060033
1227604299569618944
1227594810472751105
1227597275293257735
1227597557905399809
1227598333771964424
1227601260498620416
1227603078045671424
1227607702660157448
1227607890099343361
1227594505332969474
1227598712706342912
1227599450610241538
1227600703176179714
1227602159975440384
1227603583430004738
1227605061871849473
1227605891614203905
1227369727011540992
1227380743871090688
1227368739626090496
1227370120533532672
1227373145704759296
1227376355563704320
1227377125885464576
1227370007249723393
1227377703747280896
1227368461178933253
1227370737931096065
1227374276820340736
1227381537416601602
1227367421717159938
1227371331269857282
1227372233519239168
1227372722734456832
1227376647067795463
1227378630377996289
1227369463042932737
1227370936283942914
1227372850044116992
1227373836267552768
1227374643952193536
1227374707558821888
1227374100479385611
1227375102859370496
1227375697058041857
1227376422039293952
1227377722311270401
1227367972785623040
1227366927728881665
1227367676265291781
1227379567016448000
1227379708687507456
1227367553737089024
1227372356391358464
1227375089412460546
1227377126766206976
1227377640220262413
1227380970195685376
1227370288129748993
1227369231391453184
1227374755520696320
1227377474968920064
1227377668347351040
1227378676301541383
1227378794752880643
1227378797382717440
1227380691106717696
1227380981226778625
1227581878422691849
1227582376336904192
1227583143957454850
1227584063977988098
1227587666679664641
1227589992228282369
1227591360196288513
1227587182191403011
1227584361148620802
1227578174529294337
1227578464724799488
1227579045967257600
1227580876575215616
1227583160415903745
1227583649496944643
1227586491611828225
1227586836001968128
1227587167335006213
1227587224910356482
1227590458249039875
1227591610524934145
1227592289872048129
1227586892943777792
1227582706260828160
1227583824147644416
1227583927646244874
1227584698819530754
1227585822549053440
1227585891604062210
1227586308102594561
1227590467170242560
1227591027751628800
1227591052766392323
1227590033256976384
1227578318507118595
1227584230449963008
1227588771379630081
1227591163454029829
1227578671046807552
1227579858827587584
1227582308242350080
1227590784255512576
1227578564205252614
1227579452596588545
1227579988209172480
1227580023370067975
1227580481518100486
1227582798359339008
1227584895616110593
1227588469100249088
1227592379760336908
1227587901753626625
1227582511515131909
1227578954401357824
1227580229142618112
1227580554738049026
1227581920416075776
1227582568763183104
1227584656519974912
1227586287772852224
1227586432623136769
1227587256401174530
1227588238061264898
1227589307797471233
1227591444270993408
1227592268200206336
1227592619733266438
1227578363918848000
1227579954545799171
1227582324553940993
1227586769274703872
1227588135388925958
1227590771546652672
1227592040856289280
1227592822943031296
1227581728522371085
1227582647779692544
1227587817984921605
1227589757082927105
1227589945029746688
1227590460878786561
1227590603740975110
1227590776156295170
1227591017487990784
1227591365195968516
1227591385576071168
1227591948057354240
1227592177422884864
1227592449352196097
1227592596551323649
1227579156218687490
1227583390561398784
1227586013285027841
1227586134642954244
1227591400939757568
1227578806988345346
1227579690073907202
1227582575104929793
1227587260415119360
1227588249973133312
1227593050261741568
1227578607154974721
1227578859358474240
1227584915597930503
1227585147102486528
1227587342652837888
1227589579903062016
1227590239218208769
1227591105895632902
1227591648026210306
1227592619502555136
1227430305541345281
1227427136551690240
1227427792935161856
1227441036642914307
1227441218424131584
1227438096968491012
1227434531650592768
1227429105831993345
1227438116908281857
1227428113052831744
1227436775775309824
1227439802850525184
1227432603021643782
1227434979401064449
1227441729936265219
