1229119523103657984
1229119721729073152
1229119776078753792
1229119976210038784
1229122118895505408
1229131717392371712
1229119868634566657
1229120180355248128
1229122428330217472
1229119616917606401
1229121039554240513
1229125713216835584
1229132011941572609
1229129246729232389
1229130530085593089
1229131227229233154
1229132246780719106
1229119161089110016
1229120350530744320
1229121080025124864
1229122419845140481
1229124228697509888
1229126037398859777
1229127277499338760
1229127408609091587
1229132935032426502
1229118581440491520
1229118756133076992
1229120112172707841
1229121435282673665
1229130297695973376
1229118348388159494
1229118846856056833
1229122221404295168
1229123121774460934
1229123768007700486
1229124728792788992
1229124741988069379
1229124940760309760
1229125035438280705
1229127710976495617
1229130601317445633
1229118914845696000
1229119161831436290
1229119624647757824
1229119809192955911
1229119899794132992
1229120448606031872
1229122043343491072
1229123319921811457
1229124161043390465
1229125442059341827
1229126865618657282
1229129555425796096
1229130148496183296
1229130277198364672
1229130778556190720
1229131523934347264
1229119397442310157
1229122361217224705
1229126006868512768
1229127734930092032
1229119342916272128
1229120023513436169
1229129477030105094
1229126807816896512
1229119832966168577
1229120214559862784
1229121029244628992
1229123225810067459
1229124931214028800
1229125948408238081
1229126085914365952
1229126417838944257
1229126458821488640
1229127190844932096
1229128243212623877
1229128587149795329
1229131718956929032
1229126640820740097
1229127397234135042
1229118693600309249
1229119844450275331
1229120010850897920
1229120267252912129
1229120457674231810
1229120900127248386
1229124589143367681
1229124645946888196
1229125073191215104
1229125765050048512
1229126359680737281
1229127566931394560
1229127588074917892
1229127745646530560
1229129438555725830
1229129593434578944
1229119573095518210
1229119863991435264
1229121649175384065
1229123672427958274
1229129028768083973
1229132447117299712
1229118252175052800
1229121081618903040
1229121980131160064
1229125364477317120
1229129414140665856
1229066414113292290
1229068725036421121
1229070492881104903
1229072818442248194
1229060310947987457
1229062641848446982
1229064134458736640
1229065274797776897
1229065397107691520
1229066962657038341
1229068018019381249
1229068240514621450
1229068829621440515
1229071977534627841
1229060015635542018
1229061176325214208
1229071120810303488
1229062170031337474
1229062481034739712
1229065732673155073
1229072216190521348
1229061468378877953
1229062938981478400
1229071566983565313
1229072523012247552
1229062360012337158
1229065837002272769
1229059646155042816
1229062521878929419
1229063434114883584
1229068832582578179
1229069106030239744
1229070769117913089
1229072319387176966
1229058010506461189
1229059431096295425
1229060451503419399
1229061195216359427
1229063354884321281
1229065968485355521
1229067626208514048
1229072244653117441
1229059190393577472
1229061595445317632
1229061748390596608
1229063564155027456
1229065922553548801
1229067241234276352
1229067627001253893
1229069727965810690
1229071293988900865
1229072752579088385
1229067117728870401
1229064446238175232
1229057975760891906
1229058830421630976
1229059064736440321
1229063699228434432
1229066398011404289
1229066947133952001
1229067152877064192
1229068163058487298
1229069012669214722
1229071610189053952
1229067350743359489
1229059053025988611
1229066466085023745
1229071195170955264
1229057991124684801
1229058755075170304
1229059159401779200
1229059428294561793
1229060888839282692
1229061346211266560
1229061671026675714
1229062810799353857
1229066538344472577
1229070715980337154
1229066746721656832
1229067605077565440
1229058508664033281
1229058680605302785
1229059330734993408
1229062321714192387
1229062488257372160
1229063370801807360
1229065459011670026
1229068649681518592
1229072702847229953
1229061338275745794
1229061496900067328
1229062077488209922
1229070094313099264
1229070362069086209
1229070975511207936
1229071795287994369
1229097694175600640
1229089642777063424
1229093007363919872
1229093373837029376
1229091315616567296
1229091922679037961
1229089942976024577
1229095667886415873
1229096076893921280
1229097950166601729
1229099052991762432
1229099256612556800
1229095704129417216
1229101667087474690
1229092403711283204
1229098124133773316
1229098160603181057
1229099785795383296
1229088108521697281
1229090785695600640
1229091555568443393
1229091872649437189
1229093698694254593
1229094204443385868
1229094404440436737
1229095427380740096
1229096390338498560
1229098255591649281
1229098618319233024
1229099836340871168
1229100343344214022
1229102469751484417
1229089424111259650
1229089944636940288
1229090795426324480
1229100474894254080
1229091224495304704
1229097304856104960
1229097605172465664
1229088444959293442
1229091304891715585
1229091898603843584
1229099405619453955
1229102163382677504
1229089809848786945
1229097767588499459
1229088432410054656
1229092589829263362
1229102194680586242
1229090068054278145
1229091876541796352
1229092519864082432
1229095726518542338
1229097387005825025
1229098027769573381
1229099893425410048
1229101687140442112
1229093098208342018
1229094302795608066
1229094923170914306
1229096625882181632
1229098529852985345
1229101237158719488
1229102289970966530
1229102634931556354
1229163548162564098
1229167477378224129
1229172636497928192
1229174412504637440
1229172704336629764
1229164747758669824
1229166009103388672
1229174622647656448
1229166228947771393
1229172768383606789
1229173649900478466
1229176171268628481
1229176279238348800
1229176612249358336
1229168948492541955
1229173628606046210
1229165335133278210
1229173060781137926
1229173263529598977
1229167516162850818
1229178141270315008
1229164076061859840
1229164946031808513
1229168090543423488
1229169001118474241
1229171716775125003
1229175720527769602
1229177191348527105
1229165153264029697
1229165413776232449
1229167814927319041
1229169528514285569
1229167856396443651
1229172947488776196
1229168539287924736
1229170462602792960
1229177610162376704
1229177723588923397
1229177800000725000
1229167401108897792
1229168593956417540
1229165277125935104
1229166433692770304
1229174519929200647
1229176687281287171
1229164710320394240
1229165249707880448
1229169242819485703
1229175339852738560
1229175999901900800
1229105013420679174
1229109292650893313
1229109332702302208
1229110355894374407
1229111302104211464
1229114644171829251
1229117349288169472
1229118007202459652
1229108329085050880
1229115986571169794
1229117207264841728
1229105986725720065
1229109473865801734
1229115627174010880
1229117128365813760
1229118089884774400
1229110015455322113
1229117180375191552
1229112385035735042
1229112623175733249
1229113856183676928
1229117208015572994
1229117294850211845
1229111561693941761
1229113195887046657
1229113682866704390
1229113823887601666
1229103483086934019
1229104741294235648
1229113050508275713
1229114527821725701
1229116723791646722
1229117577047179264
1229117743175217154
1229118199163211778
1229105361887678465
1229105893494657025
1229106087820955648
1229106281476231168
1229108583603806218
1229114861445091328
1229104952116744194
1229105513012613127
1229108615824527362
1229109551573630980
1229110448622051328
1229112668675563521
1229112817590075397
1229113431070040064
1229113957576826882
1229114637221859328
1229109125981839360
1229111721970802693
1229103523004080130
1229105386336260100
1229116438922907648
1229116773473169409
1229116981598703623
1229117259651670016
1229107673150427138
1229112726284390403
1229116859972276225
1229117224906117120
1229118113905549312
1229105239107817472
1229105928429096960
1229108158137802753
1229073643793154050
1229074767543721984
1229085733979402241
1229078029407674370
1229074096316669957
1229074252353212416
1229077877435576326
1229078144839278593
1229078254340001793
1229081764867575808
1229082163921985537
1229082519565471744
1229085315228413952
1229087273846759424
1229078735757959168
1229084887493283846
1229085981929869312
1229086350814646274
1229087619772010498
1229078810890469377
1229078790023909382
1229074510256726019
1229077521532059652
1229083577570222080
1229083673921609730
1229083974833713154
1229076732789055489
1229078171447894019
1229080633303011328
1229082541359017986
1229085340251672578
1229073174140248066
1229073238623498240
1229075558006476800
1229075878396690434
1229077975229968387
1229078801574977538
1229081942605385730
1229083426147401728
1229083656431468544
1229084098540507138
1229084216647979008
1229084704357408769
1229085445218324481
1229073818918047746
1229080847661379585
1229073781940985860
1229073399403642882
1229073517481730060
1229074465369337857
1229078164397346816
1229084094786670598
1229084951389315074
1229087351852486656
1229087510011240450
1229087597974167552
1229087708699648000
1229087871652573185
1229074906475831299
1229079009813827584
1229081614237552640
1229073616408645632
1229074213862072321
1229077927310102533
1229079251623780353
1229081470360326145
1229081773767905280
1229083331108667394
1229084156912689153
1229074793313579011
1229076163299094534
1229077077216956417
1229077800683892737
1229078113038012418
1229079045473787907
1229081051810729985
1229083001625206785
1229083096567500802
1229083922979577858
1229085067366010882
1229075507507027969
1229081120119099397
1229085985520091143
1228938977543061506
1228939068119093248
1228942010742116353
1228943257511567360
1228944604994600960
1228947902845898752
1228951595091623936
1228951859903303680
1228942097182531584
1228949941957091328
1228939113614790657
1228941086078513153
1228950408917241857
1228950460708610049
1228950541407080448
1228940211717050368
1228946544679845888
1228943032139075589
1228951920854884352
1228937052068229120
1228939244942614528
1228942207404724224
1228942549777293313
1228942569062752256
1228943233813749760
1228944778102005760
1228946768257323009
1228947889751130112
1228938363992002561
1228938750547415040
1228939557065936897
1228939681884246016
1228946441130926081
1228948434977198080
1228942188165423109
1228938858479398913
1228942119563333632
1228945081027190784
1228947301026205696
1228948649062936576
1228948769355522048
1228950714061328384
1228950974024343552
1228941407580311552
1228944219647152128
1228939217738354688
1228940697119678464
1228945777977888768
1228947648138399744
1228943615919054848
1228949442646159361
1228950617697267714
1228951494252208129
1228937239205470208
1228939289721024513
1228939955390410752
1228947886274072578
1228954418684604416
1228960652590485504
1228965016080130048
1228966421859831809
1228954639275565057
1228958154895056896
1228957455620636673
1228952507277357056
1228954703762948096
1228955190063009792
1228959739465338885
1228960074472837120
1228961288442851329
1228961416511705088
1228962741374853122
1228965974872817665
1228956075321446401
1228956976845139969
1228957216054616064
1228957553024958464
1228957340180897794
1228958591744380928
1228959725863260160
1228960338004959233
1228961058389360640
1228961591414181888
1228962532834054145
1228963783105581057
1228957656284647424
1228962246665154560
1228962902410964994
1228964889819066369
1228952612126560257
1228953859751583744
1228954698331410438
1228955700530962432
1228956956980862976
1228957520733057024
1228958210431836160
1228958569984405504
1228959992436248576
1228963244221632512
1228963402191659009
1228955226113220608
1228958898360668160
1228959146755731456
1228959705231503360
1228960557887258625
1228961506487865346
1228965330082566144
1228966191584174080
1228965753484980224
1228965802147241984
1228952982710083585
1228955333760081920
1228954597642899457
1228957504325005313
1228958923283189760
1228959102027452416
1228960379344125952
1228961749409390593
1228963891146895360
1228965107109126144
1228956079788347393
1228958106228490241
1228959886949699584
1228961379152990209
1228964711926026241
1228965099622354944
1228953757666496514
1228953877766168579
1228954581532659712
1228954619855982593
1228956052248580096
1228958283958038528
1228958804018069504
1228958830106759168
1228962025683988480
1228963344062853121
1228965263426695168
1228965446281461760
1228965851736477696
1228966585697783815
1228966752396173315
1228957551619952642
1228954403547287552
1228965377729802245
1228954077708607489
1228957499283378176
1228965733608181760
1228954939533250560
1228956916677849088
1228959243065270272
1228960780219015169
1228962919150505984
1228963534614286337
1228963591191171072
1228966412070334465
1228966446069420035
1229002103449931781
1229002268705480705
1229004282135040000
1229005002330517504
1229005678754369537
1229009950531346433
1229010982430822402
1228998480800178176
1228999346751819776
1229000692720947204
1229000953778626561
1229001093801181186
1229001370642067465
1229001411033288705
1229003892186284033
1229005313736663041
1229005659322142720
1229006303470739457
1229006740861128704
1229008666000576512
1229009926028189696
1229010174121271296
1229011544136089600
1229012308636131331
1229002034529087488
1229002499857756160
1229002511844925443
1229005223999479808
1229005415528247296
1229011796528451584
1228999543737417728
1229004838798798850
1229008408050880513
1229008662980710406
1229009077705093121
1229011803553665024
1228998390039633921
1229004191437377541
1229011675501793280
1229000587959848960
1229000827077046272
1229003507434479616
1229005596466319360
1229008038981439488
1229008361452113920
1229010170166042624
1229010463956111360
1229010647783964673
1229011181173706753
1229011213188771842
1229012359236194304
1228997976141463553
1229002360007143429
1229007338759172097
1229008386844512257
1229008757994217472
1229010777522294784
1229010892991455237
1229011716798853120
1228998884841660416
1228999241214943237
1228999598095638529
1229002376541097984
1229002847771152384
1229002969443688448
1229003045276659712
1229003480519577601
1229003774087303173
1229006446374871041
1229007225995321345
1229009231535394816
1229010024925667329
1229010043170742274
1229010408704483328
1229010611968913409
1229012344090628096
1229012372620292096
1228997763955855360
1228999171497021443
1229004685882859521
1229004895992393736
1229005013516783617
1229005470565834752
1229010100066623488
1229012057812537344
1229000727894384645
1229000769409572865
1229000841597767680
1229001074616537090
1229006736058658818
1229007395239669761
1229008005703794688
1228998396591190027
1228999033001299968
1228999808121217024
1229002000202858497
1229002230654808065
1229002687053778945
1229002764056956928
1229006250442141697
1229009206323355648
1229009724978475008
1229010212952199168
1228997669386964993
1228997792716247041
1229000054188519433
1229000188750110721
1229001253633564672
1229001650423128064
1229001766546608131
1229002264242720768
1229002800950054912
1229005169486069761
1229005271768469504
1229007427879743488
1229007660659486726
1229008113308766208
1229009265312063488
1229010260947501058
1228968548967550977
1228969772299235332
1228970078101741568
1228974857251119105
1228979088486010881
1228967306367307776
1228967696458489857
1228969631278301184
1228971554291306496
1228972204236341249
1228973530638934016
1228976068419375104
1228976709338308608
1228977201095118848
1228977733809643520
1228979876100820994
1228980772742279169
1228981457999273984
1228981686706360329
1228970467308003333
1228971770402742272
1228981225076948992
1228967276134748160
1228967738254774272
1228971738748334080
1228977181566676993
1228979811386888192
1228980780807925762
1228969700060692481
1228973251373740033
1228971033241292802
1228971327140352001
1228967263769853953
1228967466971299840
1228972095281016832
1228973162370564096
1228973420601397256
1228973639967682562
1228975149166333959
1228975765619953664
1228975976274694147
1228976715105435650
1228978433994240000
1228968401118298113
1228968415601270784
1228969798220107777
1228970359292121088
1228971635585273856
1228972122648657920
1228972204534222848
1228973928556748800
1228974665206550528
1228975721042923520
1228977198834434049
1228980165566443520
1228981151773184000
1228981196979306499
1228981701562556416
1228967502086115329
1228968553526841344
1228971930268684288
1228972924486537217
1228973735182512128
1228976301287100416
1228976662445985793
1228976968684724225
1228977763488600065
1228978581650448384
1228979372217991168
1228981935185289234
1228982187682390016
1228968207572230144
1228968637064765440
1228975241390706690
1228975869475086337
1228977050708566016
1228978943249780736
1228979101693882368
1228979419437502469
1228980352909238276
1228969113151733760
1228973671554932736
1228974780164067328
1228976132546015232
1228976293598900224
1228979663655055360
1228980828702748672
1228982270435917832
1228972657376403456
1228981738388455424
1228969057136844805
1228975026990436352
1228967484205780993
1228971856595738624
1228972026490167298
1228972071054725125
1228976713826213889
1228981628011151360
1228968505573285889
1228968878849560578
1228972822413733890
1228972893905747968
1228972925211963392
1228976700006027264
1228978160471027712
1228978436229783553
1228982173354659851
1229044464058077184
1229050346196144128
1229052260023488514
1229042915877511169
1229043317846966272
1229043392597889025
1229043410306244609
1229043641747898370
1229045032692269057
1229047662541828098
1229047935033380871
1229050971180937216
1229051723341320192
1229044647936348163
1229045044470013952
1229054209158451200
1229044455530954758
1229046351134109696
1229047298635726850
1229047629381820422
1229048606105178120
1229052471072391170
1229055232551858176
1229046975888269313
1229043047952011265
1229043693245603841
1229044127179956224
1229047667629711361
1229043207352324108
1229045797641216000
1229050212318097408
1229052558062374912
1229053317801742336
1229053653903970304
1229055027819536387
1229056215776419841
1229043653370433536
1229043708391305216
1229048627152277507
1229048935857246208
1229049176115167232
1229049289487323136
1229050535380168704
1229050884979597312
1229053295181860864
1229055382359814150
1229056595075702786
1229057000778215425
1229048456217579520
1229048906539044864
1229050337849495555
1229057454106980353
1229055418032427011
1229057513263378432
1229043473686441986
1229044890249637891
1229046085706035200
1229047161951838208
1229049200190590978
1229049990884069377
1229052093157302274
1229056812957069312
1229046383115677697
1229047045006266368
1229046849501302784
1229055068877488129
1229055635528060929
1229051315654971396
1229043926784512001
1229044412451348480
1229044642567553024
1229049935959613440
1229053285421764609
1229057324037349378
1229046542495031297
1229047472984600577
1229049134210076675
1229050120303448070
1229050898061692928
1229051976232656899
1229053108543803392
1229053522651623424
1229055245470224390
1229055537498787840
1228816935481225217
1228819278746587139
1228821633546280960
1228822016993759232
1228822258950529024
1228825935966851072
1228820817682862080
1228819798710243329
1228825236554035201
1228825806086037504
1228829334149963781
1228830786612273152
1228823768065347590
1228828622154235907
1228830428880130048
1228821083295539201
1228829705991790592
1228831190108561408
1228818372697174016
1228820374500134912
1228826213126463488
1228829544892837890
1228830030534529030
1228817194433294336
1228820135160532996
1228820757150650370
1228821381019787270
1228825350127443969
1228830030781992960
1228819735078408195
1228826028019245058
1228822850305449984
1228818530084237313
1228820879620149249
1228821256088281094
1228824986829414405
1228828269329440768
1228829272405659655
1228817899051241474
1228820964089171968
1228830205499846659
1228822181053960192
1228821250690166784
1228817764401414144
1228823169986940928
1229140364201779201
1229143931461492736
1229144682950733826
1229144374262607873
1229146392855302144
1229133485882978305
1229134617686544385
1229137148038782980
1229140624068292608
1229141191645638656
1229141861123731457
1229146806363271172
1229135441338806273
1229139918301077507
1229134147165282307
1229135474939301888
1229137279249211398
1229142541100048386
1229145717362634767
1229135534901153796
1229133856906924034
1229134889880051713
1229138198904950784
1229143061382541314
1229140340948512768
1229142667906441217
1229143283898683394
1229143909428842501
1229145011398291458
1229146711886614528
1229146801137213441
1229147129874124800
1229148336797749248
1229134577945411591
1229138490505531393
1229139791289159688
1229145248007442432
1229147545353543681
1229133428660064256
1229133432086781952
1229134096816918528
1229134100155465728
1229138961030942722
1229141257013932033
1229134017494167554
1229134379550683136
1229137060277161990
1229139121978912774
1229139215331549190
1229139549172961280
1229140855082115072
1229142633328467974
1229143458344054784
1229144098751361025
1229148074121089029
1229148240471347202
1229135331762544642
1229137392218537987
1229139406465982464
1229139420332294157
1229140137377968129
1229140447043432448
1229144537395798018
1229144540960960512
1229147892428025861
1229147968755978241
1229135567490822144
1229137156205092865
1229142551720009729
1229144547252473857
1229134863569227776
1229134717397721089
1229135213902647303
1229142199977304064
1229135787926654979
1229139701006786560
1229140639230681088
1229141000330805254
1229142329291919362
1229142697316884481
1229142759069683712
1229143559749718021
1229144291563462656
1229145601176199168
1229146033575387138
1229148378598137856
1228899325515882496
1228896564460040192
1228906156250324995
1228894162549968897
1228894763530825730
1228892609613062144
1228892935376244736
1228895495713697793
1228898424659070978
1228901309291663360
1228904866451513344
1228894589198721024
1228896407823749120
1228892284265140224
