1231746429376507904
1231748878518673409
1231751810941145088
1231754113811128325
1231755025837363200
1231748006925479936
1231752514632126464
1231754123256700933
1231750794942337024
1231753240921989120
1231756878289547266
1231749881578037249
1231750724859695106
1231753389823987713
1231755275536883712
1231755432647102464
1231759057964294144
1231752440774524929
1231748380164083712
1231750423113093135
1231758743093669888
1231747596932218880
1231747826914336768
1231747840956866560
1231748107802685440
1231749381000515584
1231749913186316289
1231751533223698439
1231754993008553984
1231755533033648128
1231745724922171393
1231749086187065346
1231745712506966018
1231747081813004289
1231749469705773057
1231750056686112768
1231756305746010112
1231751699439738881
1231745917671411712
1231750218011508736
1231751718788042752
1231755983673790464
1231911905842941965
1231912081877880837
1231912302212980736
1231912553086930944
1231912924110823428
1231913048228683778
1231913657862434822
1231914557834244097
1231914790672621569
1231915233763090432
1231915696747171840
1231916188529299456
1231916409212612608
1231917393812819969
1231917477438861313
1231917968835141633
1231918786682523649
1231919211708059648
1231919289445289985
1231919750898442240
1231919779633672192
1231921119403397125
1231921255613419525
1231922025976954881
1231922274925793285
1231925675243819008
1231925874246717442
1231917181526474752
1231913837546397703
1231914516872617984
1231925817309003782
1231912337109659648
1231913695573401600
1231915829224247297
1231912162676891657
1231912769856950272
1231912898273955840
1231912934399340544
1231912960613847042
1231913048811556864
1231914678336577538
1231915189290725377
1231915324460675072
1231915661384916992
1231915678346559489
1231916019838484480
1231916900323557376
1231916974516686848
1231917062001438720
1231917535873904641
1231917539523022848
1231917600315183106
1231917605663002624
1231918376974520321
1231918460151615489
1231918465646301184
1231918501100769281
1231918541751885825
1231918805682618373
1231918850486173696
1231919249976963072
1231919269329481730
1231919541212647425
1231919592043208704
1231919693017108480
1231919947716136967
1231919972374413313
1231920114565558272
1231920652149547008
1231920938582761473
1231921097496358912
1231922470208331779
1231925556800839680
1231926608111570944
1231911838515855360
1231913033334652928
1231913199177523200
1231914227432116224
1231914735043567619
1231915638626516992
1231916195676217346
1231916201279803399
1231917130725105664
1231917756938948608
1231917906298101760
1231918575100846088
1231919484312674310
1231920218395611136
1231920219121180673
1231920501569839109
1231921459704061955
1231921936038539264
1231921974718455810
1231922004871327746
1231922279996588032
1231925592708263939
1231925640380735488
1231911780953284608
1231912685341749249
1231913558788755457
1231914177800871937
1231915426017423361
1231915633127849985
1231916604625211393
1231916890861252608
1231917137117302784
1231917375861264390
1231917493066838022
1231919469632593923
1231920203665215488
1231920245415272450
1231920330010222593
1231920642146041856
1231921834255355906
1231921900500193286
1231921915016687616
1231922116527886338
1231922140926087168
1231922462209847308
1231925746001731588
1231925943209517056
1231926195396206592
1231926287691853827
1231926431531372544
1231926555871457282
1231926382437044225
1231926681352507392
1231914714889904130
1231912681206112256
1231913948175310848
1231914093335977990
1231920417524387840
1231920463372263424
1231926728941023237
1231911889627643907
1231911905838665733
1231911986155458560
1231912035622850566
1231912610737655810
1231912631059075072
1231912927755558913
1231913139471560704
1231913354031136769
1231914339218710528
1231915266973499398
1231915329112203264
1231915431407104006
1231915460393938945
1231916546626289664
1231916636694831104
1231916803858849794
1231917117261467648
1231917682259304448
1231918495513923584
1231918709762977793
1231918884292263937
1231919175595122688
1231919921325641728
1231920192780935169
1231921820103774208
1231922238322024454
1231912005596065797
1231912157132001282
1231912460883496960
1231912629494480896
1231913148636127232
1231913173957083138
1231913466967007232
1231914371166679040
1231915868352847873
1231915924791406592
1231915982198919168
1231916512556060672
1231916641153437696
1231916741607010305
1231917237927391232
1231917338934566912
1231917612084453376
1231917790229094400
1231917816149876738
1231917844973211649
1231917941316358146
1231918166806323201
1231918647096094720
1231918845637677060
1231919148852240385
1231919617146335232
1231919934218932224
1231920102817357824
1231920339518738434
1231920741614051329
1231921075170299906
1231921191910285313
1231921580864921600
1231921641023844353
1231921830182694912
1231921907110416385
1231926501521620993
1231926504243810310
1231926671575572480
1231926683185315841
1231912129160269824
1231912600579067909
1231913176276643840
1231913311547068416
1231915672214626305
1231917571051606016
1231922418173825026
1231922419901894656
1231926342389846016
1231911818085490688
1231912196453650434
1231912340439867393
1231912400523333634
1231912771928887296
1231912934793674754
1231913435392364545
1231913813462654977
1231913961269886977
1231914053238390784
1231914497905963016
1231914542269112320
1231915123771613184
1231915518665220097
1231916562225008642
1231916764579192832
1231917348241727488
1231918202302672897
1231919061216505856
1231919284726661124
1231919642920325120
1231919757978472448
1231919800286425090
1231920377506533376
1231920778033221635
1231921155537350656
1231921410886569984
1231921764546088960
1231921884905734145
1231921938349674497
1231925598731276290
1231925841971621889
1231926262765096960
1231926310831820800
1231926329878237186
1231912192934653952
1231912699405258752
1231913621619388417
1231913750103576577
1231914201695838208
1231914493099245568
1231915115512987648
1231915343339249664
1231915406115459072
1231915959700656128
1231916059030163456
1231916189485498370
1231917289211121664
1231917783887290368
1231918573074964481
1231918573423136768
1231920400109576193
1231920759599181824
1231920963069063168
1231921083483291649
1231921375578906624
1231921500204257280
1231921820573618177
1231922526491676672
1231925806252875776
1231925842546221056
1231926305198923776
1231926362967085059
1231926686855376896
1231911898393776134
1231911993935908864
1231912598016348160
1231913960162680834
1231914151833931776
1231914348467146755
1231914653393047552
1231915075016876034
1231915133108133893
1231915314977345536
1231915902133833728
1231916197794459648
1231916322554077184
1231917061309378562
1231917512960495616
1231918974306324480
1231919115675340800
1231920596059070466
1231925750787461122
1231926147241345025
1231926728420921344
1231920739609141254
1231922646050275328
1231912317044088834
1231915447764897793
1231915844759883777
1231918106571923456
1231920336515616778
1231913536059854851
1231922264343547904
1231912156880392192
1231913805640282113
1231914573743239168
1231915584226496515
1231915674605359106
1231917080309620736
1231918168198742016
1231918626560790528
1231919623932665857
1231920215212134400
1231920684986765314
1231920850632368128
1231913579454124033
1231913804235202560
1231914143021703169
1231914330024751104
1231914587513065473
1231915150015451143
1231915248942231552
1231915535316766720
1231915819065659392
1231916542717308928
1231916819369295872
1231917447692898306
1231917573316333574
1231917581554114561
1231917739821891584
1231917858596229121
1231917951118462978
1231919789855170561
1231919875796455425
1231921100138799104
1231921498241339392
1231921514020294657
1231921819218841601
1231922307737800706
1231922411748102144
1231922734332088321
1231926591074263041
1231822323449290752
1231822336350990337
1231823412059918336
1231823581698498561
1231825159545376768
1231826277906120704
1231826985405554688
1231827399911890946
1231829525513805825
1231831492172681217
1231833950349340672
1231830848418336768
1231822931724046336
1231824046158962688
1231825751764275201
1231826937783431168
1231827734776573952
1231827816121094146
1231828417231966208
1231828678407081984
1231829994474622976
1231830004079759365
1231830865480646656
1231832989761515520
1231833300383207424
1231833397334507520
1231833669918220288
1231834622734016512
1231834792150302720
1231835633506799617
1231823460168544256
1231829314024460293
1231829356076556288
1231829626168594432
1231831321443475456
1231832732826787840
1231834374825533440
1231834482396860416
1231835321945526275
1231823919969120256
1231827650735411201
1231828731691458560
1231833941147095040
1231834412293263360
1231834715956633600
1231836084310618113
1231825949353746432
1231830715412688896
1231831101037010947
1231834225634152448
1231822294424735748
1231822276242309121
1231833033789104128
1231826996499492864
1231834080980934656
1231821842639446016
1231822693114294272
1231822960731860992
1231826660930007042
1231826905889955842
1231828356381003776
1231829713154383874
1231829814694367233
1231829921154072577
1231830423635996672
1231832601285054469
1231833613504851969
1231821679623593984
1231822084776570882
1231823184367931393
1231823961232728074
1231824065943478272
1231824078702620672
1231824231668862976
1231825015584120832
1231826399041855488
1231826921643814913
1231827431520161794
1231827613322240000
1231827857212628994
1231828393831862272
1231829329140682752
1231831192632250368
1231832071439560705
1231832265170313217
1231833214190342149
1231833840513097728
1231834576181440513
1231835112557416448
1231835417395290113
1231836007231819777
1231831235028291585
1231832645568548864
1231823304157270017
1231832651939696640
1231821900910821376
1231823319575486464
1231825226645766144
1231826977713086465
1231828756475633665
1231828782450925570
1231830831133491200
1231831891231334400
1231832170869788672
1231832606683148288
1231832894336794624
1231832934698672128
1231833898717413382
1231833914425184257
1231834515577937920
1231835101417349120
1231835979381694464
1231835989687046144
1231821715614859264
1231822914145701889
1231824933514350594
1231826804832440320
1231828142177779713
1231828506570579969
1231828824934973445
1231828918547746816
1231829323805548544
1231831343316848640
1231832243561287680
1231835214600638464
1231835610979143680
1231823024787218433
1231824692043972608
1231826656123346944
1231828715895693314
1231829716123967488
1231830576614735872
1231831375860334592
1231832056767942656
1231835069616095233
1231835618918981632
1231835799965954050
1231835450677047296
1231821318783479808
1231823845356711937
1231828636283613184
1231829625438797826
1231829696389799936
1231834120117981185
1231821298743074817
1231821842572288001
1231823192106446848
1231824782116753408
1231825603374002176
1231826675949805568
1231827864716271616
1231829979132026881
1231831402380918786
1231833148301991937
1231835188595957761
1232062662592339973
1232062795484729358
1232062831492837377
1232063283122733056
1232063516535873537
1232063546776838146
1232063865497800706
1232064107337129984
1232064474116493314
1232065353141948422
1232065788430966784
1232066047307665409
1232066178203496448
1232066654592479233
1232066842052747266
1232067152926117890
1232067286179237891
1232067731492626432
1232068185228283904
1232069458333782017
1232069667134394369
1232069740321017856
1232070530007736320
1232071173330083841
1232071625178255360
1232072089273802757
1232072763084541954
1232073830518153216
1232075413234601984
1232075569925382144
1232075932187471874
1232076298962468865
1232070185948979204
1232063312025837568
1232075813396205568
1232075828101558278
1232076952716161026
1232062960174075911
1232063122367811584
1232063150368927744
1232063492036997124
1232063691417432064
1232063768215068678
1232063786414198784
1232064442583670785
1232064456655593473
1232064656258355205
1232065146639601665
1232065222170628096
1232065243137945601
1232065508343721984
1232065583820177408
1232066678252589056
1232068711378571269
1232068902722719746
1232069012714070018
1232069232768299008
1232069432786268163
1232069450955927558
1232069564453748738
1232070040112988161
1232070079946383360
1232070161659826176
1232070608206401542
1232070962541158400
1232071542017855494
1232072032323620867
1232072160933445639
1232072306849206277
1232072624852865027
1232072702418210817
1232072974238306305
1232072975572185089
1232073323057745920
1232073441437720576
1232073963745923073
1232073985153630208
1232074007811444736
1232074246895144961
1232075734627291136
1232075867817488384
1232076222001225733
1232076248047853569
1232076856372989952
1232075561008320512
1232063367596171266
1232063385589731328
1232064634846314496
1232064721530036225
1232065019615031297
1232065837244329984
1232065859784466432
1232066246197284865
1232066785479921664
1232066874000756736
1232067915077345280
1232068637684572163
1232068986780684289
1232069126295822336
1232070749185363973
1232070836451868672
1232072845246812160
1232073154484482051
1232074252486090752
1232074460892729349
1232064286962462722
1232064682833465348
1232065247739023360
1232066151955431424
1232067264372973568
1232067394018910209
1232068052646268928
1232069702890946562
1232070375548366848
1232072361790377985
1232072593345273861
1232073284155531266
1232074384623443969
1232076476075433986
1232077495790440453
1232073206133030914
1232063414408744960
1232065205611433985
1232066570840612864
1232070184724291591
1232070438177644549
1232066044371591168
1232066455535005699
1232076985515597827
1232063759943917569
1232067666766188545
1232069079038668806
1232069442928070657
1232071205672423424
1232071591594545152
1232073704991002624
1232073710120685568
1232063056957628417
1232063103082172418
1232063334540828676
1232064683621916672
1232064827100663810
1232064883706998787
1232065545501061122
1232065715777216512
1232066005880516608
1232066054555394056
1232066229961134080
1232066594580434946
1232067128049700865
1232067179803299840
1232067379934498819
1232067426117988352
1232069251722289159
1232070073080254470
1232070280664821760
1232070733037211649
1232071392922869767
1232072008063750144
1232072599544487936
1232075422256504832
1232075933848346625
1232076960198791168
1232077182937202688
1232077725898280966
1232062878934544384
1232063134933901312
1232063576262750208
1232063711092887552
1232063780072370177
1232063812569829383
1232064245522739200
1232064494639161345
1232064497118064645
1232064631293775874
1232065309860823040
1232065329871892480
1232065399463825413
1232065784056295424
1232066114374467584
1232066163682705409
1232066810234667008
1232067034332172288
1232067245980999681
1232067290826448896
1232067573929385986
1232067899424231424
1232067987005411328
1232068508822970371
1232068935589253120
1232069048084684800
1232069190292508679
1232069543411027970
1232069658167173120
1232069729810026497
1232069776052236295
1232069841399504896
1232070152012861446
1232070195990147074
1232070301548269570
1232070389892894723
1232070480133337089
1232070623314272257
1232070739764879360
1232072111272943617
1232072247487143937
1232072987081396225
1232074674131099648
1232075407240941568
1232075422243983360
1232076148747706370
1232076454596354049
1232076955115282432
1232077100032675840
1232077291582304256
1232077716586946560
1232063228173332480
1232065807515078659
1232064239990427649
1232072182374838273
1232075489243795460
1232076008196624385
1232073598447312896
1232075029069942784
1232075822556762113
1232062687816933377
1232062811678953472
1232063203414286342
1232063843263766529
1232064799971913728
1232065136808144896
1232065639315050501
1232065701659250688
1232066216673644545
1232067405649784833
1232069046008524801
1232069076521975808
1232069260987551744
1232069481729593344
1232069807597592576
1232070134984052737
1232070145889177600
1232070192823447554
1232070806177488896
1232071264078004224
1232071423138680832
1232071944566165505
1232072059011944448
1232072556016021505
1232072581043322880
1232072853450719232
1232072854381817856
1232072863827537920
1232073745805795332
1232074120726286342
1232074275923857408
1232074641977618437
1232074842045927424
1232074944055562241
1232075055493976064
1232075320582381569
1232075322859847681
1232075786762539010
1232076468957700096
1232068230325440513
1232072936800104448
1232076561983115265
1232062838828601344
1232064191521009665
1232064639585964038
1232065916646625282
1232066254858485761
1232067507919429633
1232068237854216193
1232074282118864896
1232074687720644608
1232077721607589888
1232063635620581377
1232064318134464513
1232064848370053120
1232065875412496386
1232066086268555269
1232067272619044865
1232069344961744896
1232069557038256129
1232071657633832961
1232072541306531846
1232073007096647681
1232076156951826443
1232077675289890816
1232077717056708609
1232076765931167745
1232071723014610946
1232072129354616832
1232062720696037383
1232063732605489152
1232063017384337411
1232068422323908609
1232069632665755649
1232071826681012227
1232063412093489152
1232063488505339909
1232063534500122626
1232064295770492930
1232064887121117186
1232065166235312128
1232067949424467969
1232069059904245762
1232069133937860609
1232069503158300673
1232071956767420416
1232072747469197314
1232073133101899776
1232074490076680192
1232075269223190528
1232076636096516102
1231851473757143040
1231852128186052608
1231852491517636609
1231852505627316225
1231853520963407873
1231853573581033472
1231854260108873728
1231854515760115712
1231855722008391681
1231856096786231296
1231856553990479873
1231856657430405120
1231857645478404096
1231857675991965697
1231859660317233154
1231860128145690625
1231860364373086208
1231860488168001537
1231861034413101057
1231861167099871238
1231861342472200194
1231861732316000258
1231861900570435584
1231861950700716032
1231862122189139969
1231862439559467008
1231862761900199936
1231863537783406594
1231864106086477824
1231864870158598144
1231865116574060550
1231852261040672769
1231858162271244288
1231863088883781633
1231863882416840704
1231864298873524225
1231855210659766273
1231851473178284032
1231851597442973696
1231851971528753152
1231851985844015105
1231852245970571264
1231852335049191427
1231852380146282496
1231852399175720963
1231852503693746176
1231853104527761408
1231853599753371648
1231853610201423872
1231854035365269504
1231854191053852676
1231854532923023360
1231854540540055552
1231855828078071808
1231855962962657280
1231857617712054272
1231858814250446848
1231859162650480640
1231859168275058688
1231859169650708480
1231859392557060096
1231859999476858881
1231860316298006530
1231860444895305728
1231860648709103622
1231861716478300160
1231861854533816322
1231862885254598656
1231862913402593281
1231863138313699328
1231863173671792640
1231863725063331840
1231863890503503877
1231863974616076289
1231865352201461760
1231865710919454720
1231866004030009345
1231851812178874368
1231851818545799168
1231851952692133890
1231856589872779265
1231857663878860800
1231859179473731584
1231859547863703552
1231860594460024833
1231860647585099778
1231860660948144128
1231861903800127491
1231862229550665729
1231862684020301824
1231863090683273216
1231863684386955265
1231863715391311881
1231864156367851520
1231864261976174597
1231864667452182529
1231864809194508294
1231854495849689090
1231854529530023936
1231854930908065792
1231858521588879361
1231859488182935553
1231859911056904193
1231862400065863683
1231864283845341184
1231864526368378880
1231855882948022272
1231859342397317120
1231854897697521664
1231853985679728641
1231852417286856705
1231852749823893504
1231858020830896128
1231858343003684865
1231860722533007361
1231861405835497472
1231851279682547712
1231851583643832327
1231851635569233920
1231851662979018753
1231853402209935363
1231853506283393029
1231853637082796037
1231853711468695555
1231853810156556288
1231854632051318784
1231854965569851392
1231855044263325696
1231855638566797312
1231855703662481408
1231856200817442816
1231856275690020864
1231857978359328768
1231858904960815104
1231859263393423360
1231859485343391744
1231859659839025152
1231860364545011713
1231860644208615424
1231861020886491136
1231861711830994944
1231863055027449856
1231863728318111744
1231863917531537409
1231864184176021504
1231864675521843200
1231864706530496512
1231865432690372608
1231865812811763712
1231866336604717056
1231851861268889600
1231852111576621056
1231852122339192832
1231852561336016896
1231853048407916544
1231853124048105472
1231853342411935744
1231854463205478402
1231854524991725569
1231855810164273152
1231856255133790208
1231856887768997889
1231858087390326785
1231858201676713984
1231858306689458179
1231858520217260032
1231860015079751682
1231860150954266624
1231860635081887744
1231860796080164867
1231860812492484608
1231860895753523203
1231861275732430848
1231861382813016064
1231861551042301954
1231861908233433088
1231861959148154887
1231862016383602689
1231862492332265472
1231862851255652352
1231863081472610305
1231863203694612485
1231863757405597697
1231864274441711616
1231864932825804801
1231865224363462656
1231865378277593088
1231852049769345026
1231853680145707008
1231859156426141696
1231861088599318528
1231861681673900032
1231861712288174080
1231863405574787072
1231863543726776320
1231865449148710912
1231865608943345664
1231860704975691777
1231865985336008704
1231852358273028097
1231853157107617793
1231853225189486607
1231853293199953922
1231853812945686528
1231854464463757313
1231854564435013632
1231854627785670656
1231854773810286592
1231855317564219392
1231855931283197954
1231856058240569344
1231856206240763904
1231856369009074187
1231856501989441539
1231856934904426497
1231856938163376128
1231857526314012672
1231857693947764737
1231857896222273541
1231857914463301633
1231857923841839105
1231858021887881216
1231858150241964032
1231858309306703872
1231859178756591617
1231859280355188736
1231859369815441408
1231859377830858752
1231860103193800704
1231860184894627842
1231860647996116992
1231860962879311872
1231861197294665728
1231861213203718144
1231861271739404290
1231861484432560129
1231861845381787648
1231862739536162816
1231862928510476288
1231863155904655360
1231863276545486848
1231863752263421952
1231863852809232385
1231863974896865280
1231864102521360384
1231865117379137536
1231865179056615425
1231865485156929539
1231865577934860289
1231866241083695105
1231863062564610050
1231851511707295744
1231852699248943104
1231853402130460672
1231853504286875648
1231853921762729984
1231854033729540096
1231854886607892486
1231855213788700672
1231855536964067329
1231857111430303747
1231858330710224896
1231858539968200704
1231859037685387265
1231860252817141762
1231862059538767873
1231862331077988352
1231862470794457088
1231862570216235009
1231862602378235904
1231862832033038338
1231863087248048128
1231863812548153344
1231863814578196482
1231863974850945025
1231864654563028994
1231851634113818625
1231852564817367040
1231858813025779712
1231860922282651648
1231861002238644225
1231863267838119937
1231863887684947968
1231863888687312898
1231865479624523776
1231865526017777665
1231865721698897920
1231866194552139777
1231866204077383681
1231863594192703489
1231853625070292992
1231855777415081985
1231856084975071233
1231852440691073024
1231858460817526784
1231863853736218624
1231853823746084865
1231854510831783936
1231855416604340226
1231855732208885760
1231857934302433281
1231858641734701056
1231859046912872448
1231859784296665088
1231862335049957379
1231863318048014336
1231864069847748608
1231866172863328256
1231851500936318982
1231853036190019586
1231853292667449344
1231853293980340224
1231854590678765573
1231855000885846016
1231856879325851649
1231857576771489792
1231858070336233477
1231859799891095552
1231860248396386306
1231860910408552448
1231861319726485505
1231863294291521536
1231863512483475456
1231863589918646272
1231863622672044033
1231865015747084288
1231865318743605248
1231865722571296768
1231865780620464128
1231866241456865280
1231781098683805696
1231784572704186368
1231790191247085569
1231790584165228544
1231777766493839361
1231780498558660609
1231783315952275456
1231784322853691398
1231784580799225856
1231782388566376449
1231777562185125888
1231786971455819781
1231782016913465344
1231776919416451073
1231779961075306497
1231789013494747136
1231789498402390016
1231790703232995329
1231817013758242817
1231817374711635968
1231820883641163777
1231806830021615616
1231807223409582080
1231811040951885826
1231812563912085507
1231813258513829888
1231813259314876417
1231813620117508098
1231814141368602624
1231816007938977792
1231818946116014081
1231819401638416386
1231819896025157632
1231820820634271745
1231808397126905856
1231811811005075457
1231816155477602304
1231816600833200128
1231817764433690627
1231818179246252032
1231816198066786311
1231820106281488384
1231819937972248577
1231820968588447744
1231812851632889856
1231814958368927744
1231818979125211136
1231820757405241344
1231806916600508416
1231810143177691136
1231812968347820032
1231814363385942016
1231815532783001600
1231819079192891392
1231819796498481157
1231820048647540736
1231820975022493703
1231820981007790083
1231806096727302144
1231807826953146371
1231810882704936960
1231813506644742144
1231818314621452288
1231818346410237952
1231818542124818432
1231811329612185600
1231812969148928000
1231813415859113984
1231811286331248647
1231812845085417476
1231809361883934721
1231807022024126465
1231807841817759745
1231808296170016773
1231813221293658112
1231814289926840322
1231815496590405633
1231819587592867841
1231761415981215744
1231763186325610496
1231770734969675776
1231771144811794433
1231767296613535744
1231771801665069061
1231770858466791424
1231762214073372672
1231764945194377216
1231764982704091137
1231773247240318976
1231773988315004928
1231775360188080129
1231771877137436675
1231763621635657733
1231761601390211072
1231761873487290368
1231767605322510336
1231767863641272320
1231773835889868800
1231770626299506691
1231771186381705216
1231763136987840513
1231760779810103296
1231767555351699458
1232047653179006977
1232048009267027968
1232048454572167168
1232049096632000513
1232052060218167297
1232052537513193474
1232053092415410176
1232053159801098241
1232053176561479681
1232053322049368064
1232053859842953216
1232054401415733248
1232054665765847040
1232054841561812992
1232054963599265793
1232055419478200320
1232056226193735680
1232056395601674245
1232056706416377858
1232057044242436096
1232057269774319626
1232057417950801921
1232057475530207233
1232057533755465728
1232057951172644868
1232058163014270979
1232058766369132544
1232058895859888135
1232059365500313606
1232059581230125056
1232059739158306816
1232059964199522304
1232060038119936009
1232060135876562948
1232060417553444867
1232060936036536325
1232060941547819011
1232061108405534720
1232061553131884560
1232061834695446529
1232061881076064258
1232061915255406593
1232062106230558720
1232062307276087297
1232062425517690881
1232051994896093185
1232059630337036293
1232061789153693698
1232050130423029760
1232050261922807808
1232052263570595843
1232052903331889152
1232053598319710208
1232062025024573440
1232058809952210945
1232057824269783040
1232047624284450824
1232047731339862016
1232048403212853249
1232049265108758530
1232049637961486336
1232049747483070476
1232049781595398144
1232049796606763008
1232049802197848065
1232050127872909313
1232052302258868227
1232052348123598855
1232052429845192704
1232053069187252225
1232053336293232640
1232053400549908480
1232053865983479808
1232053882370564109
1232053975572025344
1232054013002158083
1232054290484793344
1232054451319562241
1232054597142925314
1232054669096226817
1232054709495717890
1232054717984968704
1232054791641194500
1232055029131104258
1232055541368807430
1232055552844451840
1232055646520008707
1232055684352659457
1232055695371112450
1232056030281990144
1232056276533891073
1232056611373449217
1232056967209811968
1232057034897547264
1232057044666142720
1232057193505214467
1232057310668886019
1232057493850857476
1232057739666509824
1232057821027602433
1232057935968243712
1232059145425170432
1232059147547533315
1232059293479952387
1232059397272195072
1232059720418185220
1232059814618030080
1232059886315474944
1232059920276754432
1232060130352562179
1232060240713134080
1232060265644089347
1232060349177827329
1232060361714651141
1232060581051535360
1232061408373878784
1232061427868979200
1232061455215689728
1232052613841113088
1232047912051494914
1232049206531149825
1232050580614500353
1232051088720830472
1232051131314057216
1232051446205558784
1232051495526420487
1232052571893882881
1232056271525810177
1232056372738641920
1232056401586946049
1232056498945085440
1232056516473184260
1232056774393507840
1232056796489093122
1232056973719429120
1232056989032833025
1232057230960340994
1232057248534294529
1232057345158647809
1232057377010147328
1232057436690886659
1232057987075903489
1232058072815882240
1232059747760734210
1232060405910048768
1232048917895880704
1232049303838916610
1232049929763377154
1232049931042656264
1232050502390755329
1232050643801706497
1232051713797971970
1232052409670696961
1232052784796774403
1232053733024043009
1232053845896941569
1232054452481380354
1232055205832904705
1232055634008383488
1232056142584569857
1232056751173906433
1232057463861583872
1232058711532822528
1232059213381341185
1232059581507014656
1232060135973040130
1232060649490075655
1232060726992424961
1232060978034040835
1232061725723283459
1232062372090695680
1232058806592471040
1232059749753118721
1232048476126621696
1232050306143457288
1232050356173012992
1232057099884072960
1232061584123494400
1232047574724595717
1232048066120867847
1232048202679013376
1232048432266776576
1232048669865762827
1232049395572641792
1232049709176545280
1232049729577668608
1232050270969966592
1232050771333701632
1232050775943237637
1232050927823138818
1232051410478489606
1232051588128264192
1232052674876579841
1232052784687669250
1232053173432541184
1232053375983915010
1232053603369734149
1232053936619761664
1232054009273430016
1232054699345530881
1232055433302593538
1232055471361740800
1232055897435840512
1232055989609869312
1232056028080066561
1232056353289621506
1232056481824026624
1232056739735965697
1232057066405138437
1232057251046649857
1232057356453740544
1232057379484774400
1232057885951004673
1232058111919362048
1232058144341266433
1232058151282860032
1232058152390189056
1232058912775581697
1232058935236009984
1232058963207839744
1232059365731061767
1232059438091186177
1232059543078817792
1232061151342669824
1232061477860913159
1232061961338224641
1232062054925770753
1232062080930471936
1232062252016185350
1232062515095506947
1232048117979238400
1232048445281722374
1232048746638331904
1232049233869627394
1232049856736354310
1232050284391796737
1232051015421132800
1232051123936223232
1232051621829451777
1232051642092134400
1232051665844555776
1232051817787412480
1232051937731895296
1232052027401756673
1232052112101642241
1232052646489600002
1232052856087339010
1232053035641311232
1232053149365567488
1232053312272392192
1232053476286439425
1232053528350351362
1232053959835181061
1232054114974150657
1232054157454053376
1232054263481806849
1232054375956258818
1232054471057952769
1232054513881821195
1232054831080263681
1232054920918044673
1232055471290376192
1232055817786007552
1232056173999935488
1232056380569329664
1232056494058766341
1232056510177517575
1232056679656763392
1232056696928899072
1232056859479154688
1232057070792433665
1232057185158541313
1232057347310268417
1232057768422539266
1232057817483354113
1232057923402108933
1232058056214708229
1232058089001639937
1232058205058011136
1232058825286483968
1232059106791448577
1232059365156360192
1232059447410921474
1232059614587490305
1232059734041206784
1232059754555625473
1232059962228121607
1232060060769148930
1232060161847681025
1232060306014248960
1232060647883595776
1232060664807657475
1232060675779911680
1232060684499812352
1232060790225670144
1232060935998668802
1232061214534094850
1232061355433304064
1232061468734083077
1232061638364319749
1232062295397818372
1232062432136376321
1232062445335740418
1232051929620140032
1232052554072236038
1232061453101944832
1232048065818787841
1232055407448854528
1232056832245534725
1232058783616192519
1232050251705573377
1232052529527218176
1232057393598681088
1232058409270304781
1232059538477547521
1232060404077076481
1232054152546672644
1232047704064262145
1232049137010532352
1232049272201322501
1232049391474749443
1232049433963044870
1232049507371802624
1232049614473375744
1232049765103345665
1232050617272688640
1232050973524275200
1232051145738268678
1232051195763712003
1232051243541028870
1232052189998309380
1232052608556322817
1232052931890950154
1232053039952998400
1232053128872239104
1232053381520334848
1232053446137851904
1232053493218889729
1232053595832340480
1232053637511307272
1232054201242595336
1232054874512162816
1232056136326688768
1232057023015026693
1232057159103516672
1232057392193404928
1232057482308128775
1232058075990888453
1232058436071849987
1232058732051345413
1232058840511848448
1232059313037991940
1232059659797880837
1232059667217555457
1232060059791831040
1232060111964774406
1232060375862054913
1232060605969969155
1232060738077962251
1232060762706845697
1232061385502273537
1232061532776865792
1232061556151791618
1232061765195902976
1232061955990577152
1232062103923691520
1232062198836494338
1232047858464980997
1232049231172657152
1232049951984771072
1232051173739442178
1232051968450977792
1232053255154421760
1232053892600532993
1232054600900976640
1232054790328389638
1232055071216689152
1232055446208425987
1232056460458307586
1232056481681432576
1232056575696785410
1232056695335129090
1232057520316960768
1232057629272395781
1232057638004891648
1232057968318930946
1232058806454149120
1232058914641977346
1232060257624612867
1232062427040288769
1232048477078683648
1232048657454764042
1232048979237535745
1232049758564425736
1232049809827258368
1232049894208286720
1232050197175427079
1232050430613577729
1232050871367802880
1232050896227446786
1232051482171760642
1232053325325045762
1232053798392279041
1232054375205548032
1232054881743200256
1232056095188901893
1232056522366181383
1232056783218397192
1232056883567001600
1232056906472153089
1232057476494888960
1232058581635227648
1232058887077089281
1232059223539888130
1232059822935285760
1232060533492322305
1232060781317050369
1232061947580948480
1232061116810919938
1232055179480092676
1232061624116219905
1232056907281698816
1232059729129635841
1232061534228111361
1232060082453655552
1232058259013611522
1232052272747683843
1232052491870752777
1232052708481343488
1232053721053437952
1232054022569447424
1232055046235402241
1232055516228194305
1232056966152957954
1232047759236136961
1232048048395694082
1232048453078933506
1232048498318725120
1232048634818109441
1232048990545469441
1232049460441735169
1232049500853821440
1232049849178218497
1232050549429821440
1232051170191052800
1232051349019385858
1232051505676668936
1232052095345405952
1232052534619054082
1232052560934187008
1232052884575072256
1232053877341663232
1232054425780445184
1232054608803123201
1232055381905616896
1232055730116726786
1232055998195621890
1232056581480689670
1232056733452906496
1232057295372242945
1232057698155466753
1232057762911342592
1232058243154882560
1232058501180067841
1232058762258722819
1232059178698625030
1232059514997833728
1232059587680968704
1232059636284612609
1232059638092386304
1232059881319997442
1232060078607519745
1232060131124355074
1232060171435810817
1232060261722398727
1232060307352190976
1232060431080067072
1232060680032968704
1232060690967539713
1232060807384641536
1232060840871899138
1232061194015592449
1232061203981185036
1232061323988566017
1232061427860623368
1232061501902671873
1232061504637296641
1232061706467233793
1232062189961433088
1232062344580214789
1231715375034834944
1231715564319649801
1231716187207327745
1231718605500403712
1231718711729496064
1231719435406381056
1231720338091847680
1231722399843966977
1231725439212761088
1231725882273865728
1231728508717666305
1231728670106148865
1231729979106312192
1231725227924688897
1231727681923952645
1231715449177563139
1231715659131822081
1231717269337772032
1231718602098839553
1231721896875560966
1231724618899218438
1231724870284775426
1231724910298488832
1231725915446620160
1231729794385162240
1231729838509174784
1231729848596475904
1231715367069868032
1231716192630558720
1231717462523154433
1231719182196183041
1231721031066378241
1231721784908681217
1231728014657933314
1231715469880647680
1231715893467582464
1231716107561639936
1231716172179103747
1231716812934479872
1231719979843805184
1231720458753630209
1231720788727824384
1231722362640486400
1231724412120031232
1231725904788967430
1231726025496645632
1231726983538757632
1231727244554440705
1231727642229051392
1231728251661365253
1231725919682863107
1231717018564546562
1231717506567540738
1231728210624290816
1231716615626072065
1231727046507847681
1231729667536805888
1231715483969298433
1231717399566725120
1231717606580682760
1231718377330266112
1231719303550001154
1231720664601702405
1231721594659229696
1231722156305928193
1231722433553534977
1231723115979341824
1231723656839139329
1231725933851222017
1231727364008271872
1231727680229462016
1231728057246982145
1231729145220149249
1231729843223584769
1231730349878784002
1231715954171707393
1231716109826609152
1231716450731249665
1231718902608154629
1231719318980874242
1231720408686190592
1231720598310617095
1231721977099976705
1231722546036379649
1231723142998937601
1231723704691896320
1231723930236473344
1231724057340542977
1231724089812955142
1231724873128587265
1231727125432094722
1231728238713548806
1231728395433758733
1231729661933211653
1231729740710580229
1231720020406865921
1231727084554407936
1231721242555801600
1231726613097828352
1231715400183840773
1231716762179325952
1231717269153230850
1231717734775476224
1231718136011018242
1231719355408363520
1231720535685509120
1231720649896398848
1231722625631571968
1231722668929536001
1231723156966137856
1231723385748520960
1231727735237750786
1231727794805186565
1231727818939260928
1231729678555209730
1231729836273668101
1231715798030352384
1231717066153111558
1231717385641611264
1231720474087915520
1231720577813098496
1231720943455784962
1231721711348977664
1231723446150877185
1231723756604809220
1231724790693728258
1231726084435193856
1231726180698656768
1231726615186546688
1231727381884395521
1231727973000196096
1231728840516476930
1231717866896068608
1231718940977573889
1231719497163255808
1231720093442281473
1231720154519810048
1231722814006276096
1231724539542982656
1231725588978728961
1231727386217140225
1231727615490306048
1231727842217594885
1231728202990702601
1231728302332825605
1231728384738242560
1231728751391707136
1231729112542257152
1231729190271168512
1231729329173880833
1231729809782398976
1231721717531381762
1231721958775148547
1231726223300100096
1231728577428828160
1231729906570100741
1231721533825044481
1231728166441451520
1231717593783898112
1231719988857364481
1231722212882833409
1231723050946592769
1231724111535247361
1231727035585908743
1231729364288573442
