1226711963339653120
1226710145201328128
1226715607627976706
1226716929966166017
1226708475633258496
1226702336770428928
1226711961246650369
1226715575185002497
1226715262029684738
1226711019969363968
1226713031708532737
1226990509060694018
1226990781883351040
1226995602417967105
1226996193978462208
1226997938989207553
1226998915108659200
1226989374384091143
1226991124692307968
1226991350962409474
1226992414839246848
1226995557144592385
1226995638992285699
1226998046170456064
1226998601341186048
1226998859580297218
1227002916046811138
1227003182712344576
1226992125222453250
1226994649518280704
1226995938700468226
1226997286577885189
1227000929356046337
1226990110413029376
1226995976965181442
1227002304139857920
1226989584032108547
1226990972917178370
1226991432176742400
1226991563114524673
1226991985724186624
1226992370517975046
1226992383012802562
1226993827862503425
1226994059635548160
1226994362086760459
1226995730843344899
1226997965153239040
1226998300714381312
1226998478594805762
1227000633238212608
1227002633476546560
1227003792601894913
1227003802416533504
1226989361629212673
1226989606287089670
1226993228370579459
1226994051863531521
1226995625490886658
1226995638195363840
1226995934556565504
1226998515995467776
1226999875390312449
1227000392011132928
1227000897198268416
1227001461474766848
1227001469897003009
1227002991426834432
1227003200433278983
1226989361494970368
1226990406539366402
1226990628589973504
1226991224273481728
1226991684749320193
1226992042162688002
1226992412138012674
1226993567761158144
1226995176750624770
1226995811252346885
1226995903539687427
1227000986360782851
1227003464670228480
1226992793408671745
1226998941608284161
1226999567318757376
1227001938492952581
1227003424224546816
1226989248332562432
1226990416337174528
1226991176332476421
1226991375595470850
1226991924634116097
1227001211947225088
1226996600603643905
1226991528515641344
1226991553534726144
1226994049711779841
1226990200527740928
1226990559711158273
1226991282448457731
1226993470314885123
1226995422201360385
1226996819860873217
1226997096949190656
1226997277732036608
1226997909406855168
1226999711271464960
1227000284775403521
1227002687830384641
1226931484705140736
1226931715203051520
1226931969033953282
1226932093965553664
1226932187515310080
1226932968356184065
1226933190344019968
1226933786656505860
1226933817434419200
1226934027275448326
1226934160301985795
1226934737144557569
1226935363396083715
1226936103644672000
1226936146632024065
1226936371434139648
1226937120876646401
1226938106974277633
1226938307956875265
1226939083420770305
1226939111602294785
1226939413722255362
1226940024173756416
1226940599191953408
1226941525986365448
1226941715606638593
1226941873618550784
1226942666820259840
1226942740904194048
1226943534579822594
1226943700212776966
1226943740293664770
1226929145361260547
1226929460307529728
1226929813539229697
1226931138062639105
1226931482133958658
1226931925895520256
1226932189616537601
1226932385750626304
1226932454583341056
1226933208077492224
1226933357176643584
1226933364734726144
1226933685271879680
1226933710186012674
1226933833758412800
1226933870223904768
1226934055670861824
1226934906934251521
1226936154609594373
1226937837267886081
1226940050702774272
1226940951635079168
1226941533842268160
1226943806081241088
1226931567437721602
1226935897335173122
1226939453136154624
1226940011515387904
1226942309016752128
1226930791214731268
1226932061770076160
1226932693650333696
1226933173524795393
1226934759781273606
1226934814625927176
1226935694670651394
1226936940907229184
1226939101569527809
1226941066978512897
1226941244582092801
1226941492557643783
1226941992971702272
1226942115747434499
1226928938343182341
1226929019913940992
1226931660060581888
1226939261359927297
1226929924054884353
1226930417980317698
1226931207998509056
1226931352248995841
1226932100663738370
1226932662549479430
1226932972298870785
1226933501951455233
1226933672063983631
1226933684227448838
1226933746621911047
1226933973605126144
1226934488531423232
1226935389736374273
1226935940620353536
1226937573555216385
1226939262253359104
1226940004536135680
1226940415355604992
1226941520030425088
1226942870302658561
1226943336864534528
1226929211635531781
1226929378992496640
1226930929941274625
1226931287203688448
1226932214220259328
1226932589673549824
1226932665221251075
1226932678580166657
1226932943286829056
1226933332744773632
1226933807103840256
1226933979292610568
1226934040734945282
1226934490175590400
1226934601354031104
1226934616906510337
1226934643976548366
1226934686766845953
1226934960709341185
1226934969538314246
1226935046843531264
1226935187570876416
1226935441951264780
1226935546607472640
1226935609601773569
1226935628874559489
1226935852087095296
1226935947838750720
1226936537654362114
1226936761177255937
1226937523429085186
1226937775221542913
1226938111558549505
1226938205401948160
1226941039275106306
1226941415034322944
1226942353476390912
1226942666987966467
1226943192588857351
1226932718757449728
1226929729359564800
1226930618912649216
1226930715528507396
1226930878531743746
1226930902858596352
1226931833713184768
1226932103033577472
1226932974953861121
1226933172895657984
1226933187529576451
1226933195259760641
1226934129423503366
1226934162088767491
1226935135204978689
1226935143845310467
1226935515137617921
1226935873633210369
1226938081690910727
1226938290483449858
1226939879323512833
1226941367919792128
1226941927381032961
1226942524666892288
1226942989664235522
1226943753967079438
1226932350782754836
1226933664027676672
1226934915499003904
1226941171311751168
1226943907348582400
1226930454277820419
1226933239916482566
1226936051891163136
1226937307871076352
1226938780772438016
1226937512431685638
1226940011351871489
1226930878946926594
1226931025357438977
1226934692781400067
1226939405010702341
1226941631145893888
1226929160435662848
1226930731743498241
1226931974650159104
1226932121337499649
1226932538255585280
1226932558312755201
1226932859409195012
1226933210065580032
1226933328110071816
1226933433617788930
1226933606297169920
1226934103175520257
1226935167694053376
1226935232215031813
1226935331682910208
1226935423261429763
1226935712831987713
1226940175336517638
1226940273571307520
1226940845477302272
1226941358012817408
1226941359422091270
1226941479941234688
1226942040111341571
1226942088299843586
1226943793980739584
1226648116704751616
1226650328176775168
1226651360575311873
1226651672505716738
1226653720064266240
1226654433154605062
1226656855298125826
1226642617888276482
1226651005665906688
1226643312104398848
1226644169852178432
1226644184112730112
1226644952853204993
1226647867697307648
1226648195528351744
1226648716750315521
1226649500728668167
1226651402237284352
1226651453068062720
1226652009547419648
1226653785474375681
1226655147067088898
1226655601092108288
1226651398907006977
1226642387549741056
1226644737500860417
1226645970919788544
1226646054126391296
1226649169986834439
1226652201197735936
1226653879573581824
1226655173138886662
1226656176022130689
1226651360214573058
1226652034478346241
1226652232239722496
1226653866206298113
1226656477148045312
1226642059018350595
1226652064903827457
1226652772164083712
1226642688105230341
1226646628045639683
1226642975008206850
1226643485907968003
1226643488718180352
1226643763965124608
1226643986200322049
1226644017615720448
1226644471200305155
1226644591702618114
1226646931029528577
1226649194317910017
1226649233199190018
1226649419338088448
1226649883014311936
1226650921926643712
1226653021288968192
1226650261445320705
1226650548037980164
1226651588099477504
1226654151792181248
1226655328030384128
1226643345017114624
1226654693885194240
1226654826135719937
1226747699627745281
1226749952384212993
1226750678908964864
1226754758033248256
1226754835502059522
1226755152511668224
1226755971680219137
1226748198141734912
1226748296745619456
1226748347026944001
1226749017205293057
1226749130271227905
1226749647978262528
1226749980691529728
1226751718362353667
1226752481125900288
1226752604631379969
1226753252030603271
1226753527546028032
1226753640771309568
1226755153644179456
1226757212741099521
1226757572092260352
1226757809804578816
1226757881254510598
1226758453844004864
1226758804785815552
1226760382900883458
1226761572875292672
1226761907991916544
1226747681487413248
1226751716500103168
1226756113976233985
1226757682985566211
1226758793800884224
1226753750985007104
1226761821421477888
1226747877684326400
1226751230770323457
1226752979782504448
1226753144824254464
1226753834799771648
1226754434941759488
1226756292729036800
1226756675073462273
1226757873033793537
1226759957669982208
1226761329828155392
1226761886705864704
1226761907912179712
1226751230824919041
1226752042259140608
1226752055198593024
1226753653404508160
1226758935589376000
1226759151340130305
1226759531889381382
1226759743122944000
1226761882658394112
1226762156265353216
1226756509083873281
1226748028712820736
1226752509504561154
1226752518710915075
1226752668229603328
1226753097994731520
1226753294023843840
1226754079579348992
1226755117262811136
1226755302806163456
1226756240606400513
1226757648252461057
1226757656485998592
1226760867959709696
1226760880802713601
1226756789754060800
1226761238820139008
1226754687808000000
1226755719451627521
1226757978998673410
1226762091337601026
1226750156529422337
1226748572156252162
1226761679851184129
1226762488969981952
1226756377747578880
1226757054171406337
1226760784493019137
1226762710496534528
1226974543383801857
1226975141575450624
1226976115006361607
1226983922308919296
1226987040220368896
1226975121342107650
1226975282898317314
1226975781055860738
1226976997072609280
1226977564469710849
1226980296618389513
1226980550956716032
1226980598457208832
1226980665662550017
1226980965412724741
1226981205167550466
1226982060167958528
1226982076882259975
1226982721647497216
1226982910877667329
1226983120987136003
1226983210606833664
1226983309403729920
1226984692253151237
1226984807017721857
1226985457835053056
1226986394377125889
1226987751800745986
1226987781580296199
1226989142447460353
1226977071638904839
1226983164746305537
1226974295844425728
1226975691016679424
1226976286721089536
1226977366452379649
1226977813204434947
1226978045124399111
1226981427197173760
1226981523829796864
1226982596522975232
1226983407395180545
1226985752610951169
1226987780565237761
1226988754990227456
1226978914544898051
1226982024499597313
1226974609473515521
1226974648283299849
1226974825593397248
1226975098286039040
1226975593159372801
1226977443988344832
1226977597873152011
1226978501519192064
1226979421019688970
1226980404353216517
1226982055331979264
1226982304804896769
1226985021531205639
1226987393275826177
1226974720739938304
1226976001202192386
1226976386579128320
1226977364032266241
1226978600450187265
1226978796210925575
1226979253960499200
1226980426880888834
1226980567729737728
1226982444252979201
1226982514104979461
1226982573060038659
1226983133213609984
1226983329288933378
1226984824113651715
1226987442378506243
1226975141483163650
1226975649262440448
1226977521843032066
1226978740967739392
1226983204311248897
1226983315254562816
1226983501695782912
1226984695658737664
1226985016963588096
1226986157260627968
1226986403499823107
1226987115017273344
1226988566053605378
1226988981704953857
1226976182341640198
1226974354120019973
1226974656189681666
1226975510175125504
1226976365695717377
1226977158989570049
1226977536309153794
1226977900555128835
1226979625919766533
1226981630209929216
1226982247796035589
1226983206223843330
1226985569919602695
1226987467221479428
1226987954943516672
1226988968685768704
1226989103318732801
1226988854869028864
1226982471587287047
1226983944995975168
1226986436106313735
1226988899676958721
1226975682313494529
1226976508205502465
1226977604751757312
1226982737275424770
1226985527548809217
1226985597685895168
1226985921603678208
1226989151842635777
1226944961922437121
1226945304903213056
1226946745931837443
1226947880826609664
1226950759884955648
1226952035922259969
1226953712557531138
1226955750825656326
1226957503705026562
1226957844081238016
1226958230473125888
1226958986383155201
1226943980438532096
1226944646275829768
1226948076511752196
1226948981978206211
1226949216246910985
1226949653326958593
1226950211215470594
1226951543691280390
1226952069472542722
1226952918185562112
1226953008887586817
1226954739667132418
1226955050691518466
1226956017642156034
1226956648478126080
1226956989831532545
1226957220472029189
1226957372633100289
1226957380962996224
1226958059345498113
1226958697378787330
1226946828484202496
1226956418651238401
1226956567603556352
1226956641813385221
1226947625343180800
1226947985776562176
1226950348801282048
1226951997611499520
1226953117629124609
1226954047871160322
1226956860714029062
1226953454939070464
1226948041535561729
1226952588442120195
1226955082404679684
1226955338034925568
1226956342721761280
1226956458404741125
1226957767598100481
1226944651728498689
1226945042369171456
1226946117574778880
1226946392272363521
1226946468201795585
1226946879059111936
1226947496359989249
1226947572155195392
1226947577838477313
1226952612207042565
1226952748433842177
1226953951607742464
1226954529691914240
1226957757737308162
1226944138383384577
1226945573401636866
1226945803530403845
1226946087858188288
1226947111356370944
1226947657463193602
1226948278526390273
1226949774932430849
1226949947385372672
1226950399116152843
1226950647712489475
1226951116937736192
1226951352972120064
1226951525785796610
1226951612259852289
1226952141757206532
1226952464269762560
1226953211896004608
1226954113172361218
1226956075745914881
1226958969534648321
1226947137159692288
1226944181584703490
1226945275337547781
1226946340376240135
1226946614591356929
1226946651610329088
1226947325320298497
1226947422204628994
1226948347497504773
1226949635778007040
1226950725852205057
1226951033835999233
1226952341104025600
1226953205856296961
1226954209792122880
1226954404793856006
1226955256132784129
1226956260504788992
1226957075349151745
1226957397488435200
1226945900427272192
1226948210096267270
1226950687168385024
1226952610646765568
1226953278367375360
1226953285300576260
1226955049420587009
1226945900402167809
1226946904635977728
1226947055752531968
1226947925076512774
1226948978442407936
1226949225549901826
1226950724686401537
1226951856544473091
1226952321311088641
1226952480140992513
1226953289826209792
1226954799826034688
1226955326492114945
1226957517302980613
1226958996491382785
1226949182923165697
1226955628263989248
1226954228763111424
1226947222832545792
1226950346825584640
1226951726860771328
1226952614950076417
1226953876458393600
1226956628513230849
1226957617504890882
1226945857720913920
1226946319442419715
1226947312234176512
1226949316788543488
1226949437064404993
1226950675252285440
1226950961933029376
1226951611928522752
1226951820783882240
1226954265543028736
1226954910958333953
1226956188421697536
1226957527146954752
1226957572252585984
1226673327764312064
1226682094534963200
1226674611825336320
1226673429144854529
1226677166886342656
1226673704572268544
1226675484802584576
1226674470506594304
1226681894693044224
1226674209063088128
1226809446673920000
1226809903467180033
1226813358126649344
1226814088677937154
1226818273494343680
1226821596603650048
1226822880870240258
1226820046628040704
1226814209830289408
1226818990179266560
1226808250760196097
1226808542104936448
1226808866597371906
1226809586578907137
1226809587514454017
1226810138302046208
1226810308942913536
1226811971980447744
1226812471027081232
1226813093281398784
1226813581733302272
1226813878207688706
1226814727847841792
1226814975412441088
1226815467572121600
1226815512497270785
1226815549973372928
1226815665077719046
1226816087276130305
1226816184424726529
1226816858793431040
1226816924060876801
1226817096438427648
1226817197756026880
1226817327091593218
1226817322326929408
1226817565764341762
1226817604385308672
1226817958565023745
1226818023639732224
1226818509692375040
1226819108022341634
1226819460746575872
1226819750421942273
1226820243755945986
1226820729171316737
1226820755549278210
1226821110416670720
1226821268198039552
1226821970500648960
1226822154932625408
1226822375309791232
1226822384713420801
1226809466735210508
1226816841865191425
1226817199265939456
1226818963184771072
1226820336437616640
1226820382444990464
1226820406964871169
1226814983876550656
1226808098146410496
1226821548000059393
1226822748439220225
1226809217878810626
1226809641113464832
1226809785242222593
1226809886857711616
1226810018944688128
1226812178575110146
1226812634315526145
1226814122232336385
1226814381327110144
1226816761946726400
1226817619434655744
1226818795421028352
1226818948118781953
1226819293721092098
1226819631643492352
1226821746298257409
1226822046958653440
1226822056186126336
1226808155369287680
1226809279799316480
1226809670515470336
1226810917788188673
1226811430801956865
1226811899477725184
1226812413401497601
1226812753995849729
1226812903111757824
1226813622057349120
1226814550231650304
1226815318124900353
1226816057597452288
1226816327605719040
1226816652211298304
1226817014733340672
1226817209420439552
1226817474357813248
1226817557618970624
1226817690288971776
1226818227826810880
1226818245291839488
1226818449160245248
1226819537334677504
1226820072251023360
1226820149078085633
1226820267512619009
1226821008130179074
1226821040741011456
1226821451971514373
1226823114031607808
1226817181540851712
1226813494634389504
1226815706702000129
1226808062893338624
1226808193483001856
1226809095010824192
1226810511322419201
1226810554662043648
1226810926147366912
1226810930085806081
1226810964345065480
1226810976168816643
1226811045152514048
1226811115457433601
1226811788286681090
1226811961427611663
1226812229389078529
1226812293297688579
1226812340894650369
1226812686358523904
1226812978042986497
1226815403688710144
1226817090516070400
1226817280568418304
1226817352538480647
1226817482314452992
1226818644912594944
1226819131363790848
1226819132550762496
1226819535598211073
1226820088122265600
1226820416771063808
1226822632680484865
1226823013275799552
1226823066640142336
1226811791738638336
1226816598184529921
1226818720569462784
1226821705714348032
1226810351905394689
1226810785134993412
1226812295487086594
1226813820892590083
1226814686819209216
1226818986056278016
1226819156076630016
1226819738917048321
1226820286185660417
1226821241518133249
1226821503200714752
1226808117125505025
1226809086605479937
1226809698147602432
1226815512333688833
1226816759359057926
1226817056047321089
1226818567821197312
1226820535381827585
1226820891784417280
1226809605478588416
1226810359702523905
1226814872505274368
1226815423720632320
1226816454659657728
1226816481004003328
1226818694816444416
1226818868104040448
1226819826305257472
1226821939030888448
1226822255604355073
1226822891901157377
1226823028530655233
1226778219342434306
1226779010862022658
1226779657909022720
1226780427727331328
1226782836910383104
1226784129561354241
1226786913102725121
1226790056788099072
1226792160592306176
1226780958696886272
1226778085342629888
1226778933267484672
1226779174481924096
1226780599756578816
1226780895870423042
1226782203817926659
1226782235807899648
1226782377877344256
1226782379257335808
1226782977025335297
1226783390403350528
1226783495193845761
1226783627440218112
1226783907825188865
1226784259567947777
1226784869939679232
1226784939309457408
1226784995542478851
1226785122537615360
1226785297821814785
1226785761837473792
1226786648832253952
1226786997450178560
1226787159111327744
1226788185881088000
1226788191044276224
1226788851227807744
1226789180891680768
1226789392100007936
1226790413521932289
1226790739184582656
1226790752170184704
1226792520446881792
1226778228100079619
1226778409696681985
1226779927229423616
1226787500557045760
1226790348648861696
1226790420031692802
1226779242425397248
1226784945907159041
1226786743262830592
1226790729583857664
1226779606180671494
1226779667870441472
1226781449048776704
1226780587089965058
1226783514240090114
1226784083839266816
1226787925704282112
1226788400080052225
1226788955330433024
1226789103737475073
1226789577077264384
1226782888236064769
1226784682701983744
1226785074139496448
1226785775506927616
1226785941576126464
1226787730325213184
1226788029966307332
1226788667596910593
1226788754179985408
1226789523016888320
1226790998325501953
1226791619657129984
1226791643698868224
1226792086596395008
1226792514465812480
1226778479393492992
1226780082393559041
1226781482737377281
1226781593018212357
1226782953784647681
1226783847540502531
1226784525398745094
1226784580784488449
1226784653908025344
1226786009242898432
1226787965348827137
1226785572510978048
1226791704298172416
1226778007706140672
1226778887138545666
1226779186699870208
1226779212331261952
1226779592951844864
1226779678767230981
1226780560640573440
1226780600045981697
1226780761480683520
1226781176607756288
1226781178528698368
1226781179937988608
1226781182643359744
1226781184283348992
1226782239054155777
1226782493015248896
1226786294820429824
1226786769380622337
1226787041083641856
1226788638639501314
1226788950456643584
1226788954437017601
1226788964637519873
1226789405307871233
1226789639018733568
1226789651857518592
1226790294638624769
1226790625061867520
1226792145622884353
1226783345616531462
1226787606417092609
1226788869238071297
1226789217025613824
1226792386090672128
1226778277928427521
1226778403820302337
1226778739675193345
1226779537343733760
1226780336442544130
1226780683613372416
1226783726266437632
1226785996202815488
1226786868425117697
1226787110402822144
1226789335124631554
1226789706882539522
1226789935958634496
1226790123196559362
1226792659244769280
1226789159672647685
1226784711445565440
1226781527016521728
1226784146078523392
1226786696701906945
1226777832153604096
1226780209615122434
1226780848151724033
1226781235609063424
1226781597921415168
1226788503570309120
1226788947830984705
1226790552819073024
1226790712953450496
1226790773607235584
1226792513274613760
1226779938709213185
1226780561806647299
1226780914904113153
1226782877435781121
1226785078598144000
1226788632209580032
1226788959482777601
1226790413425573888
1226792766044327936
1226794033214840834
1226796145655078913
1226800618414772224
1226800976360869888
1226802534494416897
1226804459214385152
1226793147537092610
1226793416887078912
1226794066723008513
1226795307930988544
1226795445416058880
1226796420705013760
1226796519543726080
1226797506048274432
1226797507495198720
1226797588109615105
1226798300927528960
1226798362101452800
1226799140560162816
1226799808343609344
1226800389535780864
1226800542393012225
1226800955074674688
1226801256968130560
1226803255402876928
1226803302853201920
1226803449024696320
1226803464946225152
1226803753593995265
1226803860481748992
1226804049258909701
1226804116493611008
1226805993461501953
1226806191340347392
1226806280217600000
1226806696187699200
1226807250674733056
1226807413514342400
1226807661007642625
1226807817807581185
1226794950588870656
1226798525436047360
1226800380220186624
1226800598940635138
1226799472145043456
1226802177173336067
1226806012604223488
1226795172907933696
1226805241586364416
1226806464666382336
1226795160979279872
1226795391162732545
1226799673115058181
1226802906659205120
1226807902062727168
1226793800548454400
1226797013813145601
1226797328729878528
1226797503686701058
1226797609563697152
1226797964456341504
1226798056311607296
1226798966970474501
1226801930267168768
1226801955873357824
1226802891685580801
1226803614221512705
1226804825788207107
1226805222695149568
1226805987346132992
1226806970788741121
1226793219968700416
1226794063795572737
1226795142977376256
1226796979470192640
1226797250271117321
1226798708450320384
1226801230325800962
1226802215542763521
1226802279317221377
1226802956173021190
1226805769586315264
1226806775661449216
1226807151529734144
1226807522138501121
1226794066953854981
1226796350546817024
1226800122752839682
1226796936952459265
1226792958663458816
1226793081372135424
1226793111067799553
1226793393814200321
1226794065540218880
1226795044121841664
1226795194680406018
1226795296316887040
1226796208938573825
1226796415101407235
1226796926366076929
1226797143828160513
1226797248983465984
1226797291274752000
1226797501795241984
1226797589791559681
1226798218987499526
1226799509344268291
1226801491928764418
1226802267355000832
1226802371725971456
1226802450105016320
1226802572591353857
1226803582424494080
1226804323839041537
1226804477237383168
1226804811343028224
1226805564216311809
1226807532498194433
1226795251702079489
1226797215877943296
1226798409606193152
1226798479302942720
1226801561839513603
1226803158384627712
1226805794710130694
1226807458884182016
1226793876062687232
1226794897409179650
1226801935237423109
1226804574712991744
1226805503239622656
1226805781196132353
1226796726771732480
1226800250226126848
1226800375694532609
1226807057879326720
1226807223428493312
1226792993128173569
1226793912754409472
1226796613798125569
1226797440268951552
1226799531439874048
1226800437963055104
1226800900682940417
1226801000863948800
1226802194822946817
1226802351631106048
1226803171449868290
1226805806919753733
1226807151907213312
