1232908219061719043
1232908797674446848
1232908840024317952
1232908955917131778
1232909004742914048
1232909385971781632
1232909981579608065
1232909986130546688
1232910065692180481
1232911492674183168
1232911774242025472
1232911775835750400
1232911975677595650
1232912046095847424
1232912147073716229
1232912147765694464
1232913177760948230
1232913615038140418
1232914120845996032
1232915228188401666
1232915330986582016
1232915332941144064
1232915641486729216
1232915669081042944
1232915793094029313
1232916357974544384
1232916907537424385
1232918072530481157
1232918320225116160
1232918363975962624
1232918380711202817
1232918448893722624
1232918962918371328
1232919871794688001
1232920328860504065
1232921255935987713
1232921488803713024
1232921517278756864
1232922218201518080
1232922621936898048
1232923216441556994
1232916147089166337
1232918432015933441
1232920487187144704
1232923140222783488
1232920265413271557
1232916540355481600
1232908284031578112
1232908351664803842
1232908432107282433
1232908676362592257
1232908677394333696
1232908918428438529
1232909139992596480
1232909571691335680
1232909639311859712
1232909835890548736
1232909860838219776
1232910677083328513
1232910802824433665
1232910816887951362
1232910884793655296
1232911668260327424
1232912009789751296
1232912801833922561
1232913107208622080
1232913476655468546
1232914076617117697
1232914205499691008
1232914238026452998
1232914335795732480
1232914626205159424
1232914734418219008
1232914865058131968
1232915572385554433
1232915825776111616
1232915876413833216
1232915985616834560
1232916747256201216
1232917193551237121
1232917378691817473
1232917826589151233
1232917867269672960
1232918216483233798
1232918385056534528
1232918774589874177
1232918867099496449
1232918970652643329
1232919215222460417
1232920374364561408
1232920942059413505
1232921371283533824
1232921925623668736
1232909578146385920
1232912385393872896
1232912674712891397
1232913307826257920
1232913602585276417
1232913883842609153
1232914154136244224
1232922607651098626
1232910165671804928
1232912702303023104
1232914437071364097
1232916060803944448
1232916187589337089
1232918996611223552
1232919398509371397
1232919861027835904
1232920853198888961
1232921979591811072
1232922349676179456
1232922266062802945
1232922791810342912
1232917307996954624
1232921223941804033
1232922958026416129
1232917930352021504
1232910418441625600
1232920597304311809
1232908559739969536
1232908768175894528
1232908865060179974
1232909111110623232
1232909247563943936
1232909423561052161
1232910509642571776
1232910922940928002
1232911561762758656
1232911574735650817
1232912379664572416
1232912583440642048
1232912919685455872
1232912968293195776
1232913087835049985
1232913227710857216
1232914026214154245
1232914187287920641
1232915072474849285
1232915222601641985
1232915512276832256
1232915643864887296
1232915830708613121
1232916360520486914
1232916798665826304
1232917065851457537
1232917290808729601
1232918541566955522
1232918635632566272
1232918949995655168
1232919671151697922
1232919679922003973
1232919725941850112
1232919832573558784
1232920336074670081
1232920624466743296
1232920631169048576
1232920794470154241
1232920812925210624
1232920829169741824
1232920898384138245
1232920908362371072
1232921175933640705
1232922066384453638
1232922088152977409
1232922275231469568
1232922362011619328
1232922560561590272
1232922774060044288
1232922779516796929
1232922824471449600
1232908219196071936
1232908315556024320
1232909268048896001
1232909895659327488
1232910232805945347
1232910472837574659
1232911009385459712
1232911361174310912
1232911690683027456
1232911886917808129
1232912140987699201
1232912174063984641
1232912216829104130
1232912994893471745
1232913103324663808
1232913404882571264
1232914109915639808
1232914147387625472
1232914583981035520
1232914866802974720
1232915228272340993
1232915524033667072
1232915536339767296
1232915686130880512
1232915796072030209
1232915837981511681
1232915989039403008
1232916431395807232
1232916691627204608
1232916888281284608
1232917031147778048
1232918208035917824
1232918303796015106
1232918461833187328
1232919160948170752
1232919785270337536
1232920120718172160
1232920201810907136
1232921151787106304
1232921313494360065
1232921674556813312
1232921907776884737
1232922005479067649
1232922022499487744
1232922073972060161
1232922317560459264
1232922418349592576
1232922489224863744
1232922514424291329
1232922631529205760
1232922667730309120
1232922811213262848
1232923143926358016
1232913070445547521
1232915740740767745
1232921429894672385
1232922433516113920
1232922767240105984
1232910882709090305
1232911968182448128
1232908220072517632
1232908724685230080
1232908836698193920
1232908860291088384
1232910030845960192
1232910134713749505
1232910175067164672
1232910176002375680
1232910194113499137
1232910594841305088
1232910638411919365
1232910734721462272
1232910815663095808
1232910861406216193
1232911854231527424
1232911993025130496
1232912003380862976
1232912105675935744
1232912220817940480
1232912280804843520
1232912393723957248
1232913213508943873
1232913239975043072
1232913268110434305
1232913509370994688
1232914640696463361
1232915214259118080
1232915514781052929
1232915879064723456
1232915901613268992
1232916688699580417
1232916822934114305
1232916965217513473
1232917698256003072
1232918513678999552
1232918896748978176
1232919510962900995
1232920155333779457
1232920307612041216
1232920396669837318
1232920446686896128
1232920848295714819
1232921089967378432
1232921483544006656
1232921731318370304
1232922902212812800
1232910249155350529
1232912764122861568
1232909343147905024
1232910631877124098
1232915015495274496
1232916552493731840
1232919322961620993
1232919812965203968
1232921303373537280
1232923311291670531
1232912294226661381
1232912486187360257
1232912903931645953
1232913779161260033
1232913852658003969
1232914076596080642
1232915274254503936
1232916095302012928
1232916325409927168
1232916609448267777
1232916653001859072
1232916886079320065
1232917494177898496
1232917909850247168
1232918375401172992
1232919156347080707
1232919860226727936
1232920076078211072
1232920429645516800
1232921540817227777
1232922049720602631
1232922343707676672
1232923256174399493
1232909634983337985
1232911451096014849
1232913589368999936
1232917255190695938
1232912633227104256
1232919609055105025
1232913730368917504
1232914899052965888
1232915652391903237
1232915933880111105
1232919539970650113
1232922524524204033
1232908302020939777
1232908643965833216
1232909108103217153
1232909150629384193
1232909583926124545
1232910755412021249
1232911903225208832
1232912426586251264
1232912496471633920
1232912709391462400
1232912881844228097
1232913529541480453
1232914427197952001
1232915483701194752
1232915488168140801
1232915685023666177
1232916172724678657
1232916496780873728
1232916885949251584
1232917257254318085
1232917467330117633
1232918648769130497
1232918983029989376
1232919103482007554
1232919181982605322
1232919222692589569
1232919500493918208
1232919997032300544
1232920269167177728
1232921025253400577
1232921150310801408
1232921732887064576
1232921831881027585
1232922220751618050
1232922836261593088
1232922843740037120
1232922858151665665
1232923225329369089
1232999072283471877
1232999362520866816
1232999707762405376
1232999793154195456
1232999917179801600
1233000158708871169
1233000180120793088
1233000550733578242
1233001039021953035
1233001339141214209
1233001650115268608
1233001954990792704
1233002088516456452
1233002949711974403
1233003139130961921
1233004154798432256
1233004530364829696
1233004643287957504
1233004821982142464
1233005166527422464
1233005241920081920
1233006094622089216
1233006376085065735
1233006384712601601
1233007006430220293
1233007602885419008
1233007910244036609
1233007945148981248
1233008121842413568
1233008454803099649
1233008991573364738
1233009102126829568
1233009166308061186
1233009352044400646
1233009517434109952
1233011321068806147
1233011388630650881
1233011553986850818
1233012092812304386
1233012181517635586
1233013047469527040
1232999856651866122
1233002368326930432
1233007238060683265
1233007290640404482
1233009713425592321
1233010578249207808
1233011836309639169
1233011974612701185
1233006298251321344
1233011088448466952
1232998815575236608
1232998998476279808
1232999111814610949
1232999513826172930
1232999931197218816
1233000343295995905
1233000579749810176
1233000578936197124
1233000603208626176
1233000682451546112
1233000689112141825
1233000754602020864
1233000756921458688
1233000920130170880
1233001058991038465
1233001134291390465
1233001670101159936
1233001720894017537
1233001928776396801
1233001950167412742
1233002105457315840
1233002115360002048
1233002156317384704
1233002656605622272
1233002813384544258
1233002814273658880
1233002925338890241
1233002937531564035
1233003438411329536
1233003585123880961
1233003727788953604
1233003733145047045
1233003804989194240
1233003957800361984
1233004080953466880
1233004087857291264
1233004156367069186
1233004393248759808
1233004440770269186
1233004726536503296
1233004864290066433
1233005139029626880
1233005617603735552
1233005626613088256
1233005807433912321
1233005850328993793
1233005892318134272
1233006307940216832
1233006345466601473
1233006493043171328
1233008048123371523
1233007887217086464
1233008118512148481
1233008203459448832
1233008264402612226
1233008307725651968
1233008268047347713
1233008275001528320
1233008274003218433
1233008882164867073
1233008983314763777
1233009078311538688
1233009080307814400
1233009511608279040
1233010327111000065
1233010452638113792
1233010506509832194
1233010605516345344
1233010784537542658
1233010795887329280
1233010994684813314
1233011004214251520
1233011344791801856
1233011555370926081
1233011879246811136
1233011899505180672
1233011997656088576
1233012057966104576
1233012249368899586
1233012347666604034
1233013456175009794
1233013648353824768
1233013859109277698
1233013868273774592
1233001169078956032
1233001330144423937
1233008835054448643
1233011732714545153
1233013727051571208
1233013763068088321
1232999432674856961
1232999439800950790
1232999824619909126
1232999845742497792
1232999850066792448
1233000121194946560
1233000273062301697
1233001169292795904
1233001290088820736
1233001377703526400
1233001775608877056
1233002546723262464
1233002561445285890
1233002677472317440
1233003039474225155
1233003146944884736
1233003901105950720
1233004493060616199
1233004648333705217
1233005420933001221
1233005583734857728
1233005871002767361
1233006038745481216
1233007148717703171
1233007362451132416
1233007569104506881
1233007615728406529
1233007693264293889
1233008379980918784
1233008579210350594
1233009288039153666
1233009388320952320
1233009657855303681
1233010761334738944
1233011191687077889
1233011434843463681
1233011584764719106
1233011677777584128
1233011691287449602
1233011863874568194
1233011911165431808
1233012028907884544
1233012181458989057
1233012232382013440
1233012233803833345
1233012327764709376
1233012534195691521
1233012693105291264
1233012737086754816
1233012858880954368
1233013124833390598
1233013184048566272
1233013281629052928
1233013582545260547
1233013604565364742
1233013857376972800
1233004127501901824
1233003634583068677
1233008304936321024
1233013544754520064
1232999985815457792
1233000334773170176
1233003361873678336
1233000017805422592
1233006140100947968
1233009575412031494
1233011457094230016
1232998883397132288
1232998985142501383
1232999108064923648
1232999176423772162
1232999228177252354
1232999343696809987
1232999596252704771
1232999613885448195
1232999655467888641
1232999656218558470
1232999881599524865
1232999923244814337
1232999986469752833
1233000055692517378
1233000155739230208
1233000273666363394
1233000356449333249
1233000445938892808
1233000485365460995
1233000539186696193
1233000658179149824
1233000755549949954
1233000840065175552
1233000925033312257
1233001107363897344
1233001199311425537
1233001201261826049
1233001351929614337
1233001389690892288
1233001420091056128
1233001440836247553
1233001723259543552
1233001967234027527
1233001982392197120
1233001982891307009
1233001993746206723
1233002187376164864
1233002195190210561
1233002248239820800
1233002334139142144
1233002353885941762
1233002486740316160
1233002613119111168
1233002641720008704
1233002754832060418
1233002853805043713
1233003147947397121
1233003201948987392
1233003337009844224
1233003542430044161
1233003859267719170
1233003908378685441
1233003924585500672
1233003977228398592
1233004522261315584
1233004695205109771
1233004897261490178
1233004992476467201
1233004995244523520
1233005043596570624
1233005153432850437
1233005563144962050
1233005594287788036
1233005638051123201
1233005782083526656
1233006023360876544
1233006110728183808
1233006135327809536
1233006140558127105
1233006342081859584
1233006558193295360
1233006716855496711
1233006879044845568
1233007059949539335
1233007178228715520
1233007382952845323
1233007697584410624
1233007623554777088
1233007984210513920
1233008190649966592
1233007884646019073
1233008376533090306
1233008573581578240
1233008576660201474
1233008726224855041
1233009037320605697
1233009143415496711
1233009275124862976
1233009302547451904
1233009373313740802
1233009647285608449
1233009973627625478
1233010403547828224
1233010650307334146
1233011328874373121
1233011407710556160
1233011590183735298
1233011662057164801
1233011740574715905
1233011909697425410
1233012221166456832
1233012354675355649
1233012669260562432
1233012715272183809
1233012917240336385
1233013131217186817
1233013183062925312
1233013203698843651
1233013274272288769
1233013281213833216
1233013689386774534
1232998896441405440
1232998928985083909
1232999082253279233
1232999154579902468
1232999505349529600
1232999739324600320
1232999990261403649
1233000026072403969
1233000081709785088
1233000172361322496
1233000798696636416
1233001111734411265
1233001141467783168
1233001208035643393
1233001353183670273
1233001801529667584
1233002141566066688
1233002197299974145
1233002242682314752
1233002368205234176
1233002661034840064
1233002893973823489
1233003552504676352
1233004253884682240
1233004411661799424
1233004440795435009
1233004500891394048
1233004554645577729
1233004556855992320
1233004835554971649
1233005188253876224
1233005237474152449
1233005484120137728
1233005560573911040
1233005582405316614
1233005677414690818
1233005712785186819
1233006019544047616
1233006032747737089
1233006237324849152
1233006365951397889
1233006466723917825
1233007432701485060
1233007329286639617
1233007557582741505
1233007758842245120
1233007796729368577
1233008225815011328
1233008328621555718
1233008355800748032
1233008371659345922
1233008436864000001
1233008503209496585
1233008534662631425
1233008576081223686
1233008810471690240
1233008815274102790
1233009149199503361
1233009870481346560
1233009955999027205
1233010216691740673
1233010638156374021
1233010683064786946
1233010798433308672
1233010860118990849
1233010996769411072
1233011401276436491
1233011421413330944
1233011579895111681
1233011687046963201
1233011741900050437
1233011835126927360
1233012005675683842
1233012047975198721
1233012318172217346
1233012346433474562
1233012459256123392
1233012518194466822
1233012597630423042
1233013129816223745
1233013297152241664
1233013338994626561
1233013400013361152
1233013663063257088
1233013768889753601
1233000965655158785
1233001105501585408
1233001490312302594
1233003129509228545
1233005059807629312
1233008179279269889
1233008615570759680
1233009292380442624
1233010522720739328
1233010876535463936
1233011179326496768
1233002527454584834
1233004579081551872
1233006815480287233
1233009238806605825
1233004085449805824
1232998967459426306
1232999066629525504
1232999160904855552
1232999204877791234
1232999281742745600
1232999476719243269
1232999546592137218
1232999652603170818
1232999653764931585
1233000054018977794
1233000339562852353
1233000541783052291
1233000563866034177
1233000694497542145
1233000789129539585
1233000795265732610
1233000799149666306
1233000804149231616
1233000856137740288
1233001473782534145
1233001527339618304
1233001641063960576
1233001918131318785
1233001974611824640
1233002372022095873
1233003055211274240
1233003155882987525
1233003373764452352
1233003425371168770
1233003688010141697
1233003813604331520
1233003917316907008
1233004708819808257
1233004725672521728
1233005223205097473
1233005367619092490
1233005389257506816
1233005525706694657
1233005646519255041
1233006468317798400
1233006575717146626
1233006691110641664
1233006796622761986
1233006918991597569
1233007116497096705
1233007118187450370
1233007503874629633
1233007504398876672
1233007624267993090
1233007636217393154
1233007892967677952
1233008542057189384
1233008733317451776
1233008891924926465
1233009052654936064
1233009316912926721
1233009400421310471
1233009866425409537
1233010000207007744
1233010175730233346
1233010634087968769
1233010956277571584
1233011043640709121
1233011058287300608
1233012081928163328
1233012447805616129
1233012469876084741
1233012635651727360
1233012869719117825
1233012882209755136
1233013175001534464
1233013235349172224
1233013432988950528
1233006079614836738
1233000213083762689
1233000355514003461
1233001522528694273
1233002761807179777
1233003639268134913
1233004223421407234
1233004304841269248
1233004741598289921
1233005636515958784
1233006991527874561
1233008096999608321
1233009037781893121
1233009108225339394
1233011039748460545
1232998930771779584
1232999215904837632
1232999437968060416
1232999776209248257
1233000245082165249
1233000346991104002
1233000711048302593
1233000751057768448
1233000920381870080
1233001033619660802
1233001339791298562
1233001483995680768
1233001744059322369
1233001941518692353
1233002124067381248
1233002328841768960
1233002435691585538
1233002571293511680
1233003465196081157
1233004396436430848
1233004701387542528
1233005215206584323
1233005268784631808
1233005396371156992
1233005577661534208
1233006317880717312
1233007874248445953
1233008107531460608
1233008117618704384
1233008119711752193
1233008477620097025
1233008802594721793
1233009027782717441
1233009496378761216
1233009867490758657
1233009914181713922
1233010194596188160
1233010595546443776
1233010957238050816
1233010991157387264
1233011049881841669
1233011052218023936
1233011477998710789
1233011862175961089
1233012090320949250
1233012188207616001
1233012198953377792
1233012800949293058
1233013340286410754
1233013416748556291
1233013472855830528
1233013693111324673
1233013894593105920
1233002167893741573
1233003803672285185
1232999674841370624
1233012179038883840
1232999193851179009
1233000625409077248
1233001523921276928
1233003070285635584
1233005974660710400
1233008819074224129
1233008924250517505
1233011449586503680
1233005694670049281
1233001417872433152
1233002644970594304
1233000061879148544
1233002810922414082
1233003155266338816
1233009103821295616
1233009729280061440
1233011870593888259
1233013082768756736
1232998987860451329
1232998988342857729
1232999046643617792
1232999531886923777
1232999588799418374
1232999912306020354
1232999932962967554
1233000073992327168
1233000156187983872
1233000471196921857
1233000649979244547
1233000951667154944
1233001426869215232
1233001442325286918
1233001579067912192
1233001684080656384
1233001837294477313
1233001837432840192
1233001986821427202
1233002001740464129
1233002096468922368
1233002387855609856
1233002487373844480
1233002504130093057
1233002526590603264
1233002733680156674
1233002971404939264
1233002976194723842
1233003043786022914
1233003315195191298
1233003756297449472
1233003800497135616
1233003973130493952
1233004500820090880
1233004608215187456
1233004618558427137
1233005111229767680
1233005298497048576
1233006231427612674
1233006429633683457
1233006558994477057
1233006711482482694
1233006942970417152
1233007006006599680
1233007024268595200
1233007061333659648
1233007432902811648
1233007780333867008
1233007813582114820
1233007838122905601
1233008013914648577
1233008151693271040
1233008448641564672
1233008641063649281
1233008846630739971
1233008848069447682
1233008951236681729
1233008981590839298
1233009057386106880
1233009140773113857
1233009214571896832
1233009229562294277
1233009656416677889
1233009844451528705
1233009911912706048
1233010023170760705
1233010652320534528
1233010937327734784
1233011697608249346
1233011784644222976
1233011808463663104
1233011974277038080
1233012448808009730
1233012884529123329
1233013476303437826
1233013585095385091
1233013661196746753
1233013682826817536
1233029042607136771
1233029099775504384
1233029224778412032
1233029236111355910
1233029270571769856
1233029775649837058
1233030056550838273
1233030146950602752
1233030187702460417
1233030435099287552
1233030560932560896
1233030813333311489
1233031194486419457
1233031262232809472
1233032818202226688
1233032852339642368
1233032874691002368
1233033100789272576
1233033383267184643
1233033523205988353
1233033642445807616
1233033776143503362
1233033885358882816
1233034445738954752
1233035051807498242
1233036488759238656
1233036569558294530
1233036925872812033
1233037131150483456
1233037662807785472
1233038815280992266
1233040276266065927
1233040641791229952
1233041216209637377
1233041277677117441
1233042221353644032
1233042300802150400
1233042695460982784
1233043364918046720
1233043748210249729
1233030285069033474
1233033578856034305
1233034850036219912
1233037262155284480
1233042370591100928
1233033969182089216
1233036937109417986
1233039817681887234
1233041057069268997
1233031400242262017
1233029167945519114
1233029272354328578
1233029287151882242
1233029365883187200
1233029557189586946
1233029589707952135
1233029631235829760
1233029649762000896
1233029772688658432
1233030016960729090
1233030048116027393
1233030565424779265
1233030677127364608
1233030869868335106
1233030619791183874
1233030668935815170
1233031395892715520
1233031552696815618
1233031591481532416
1233031812336758784
1233031878078324737
1233032139597283330
1233032245428019201
1233032284548325383
1233032285605199872
1233032389917642754
1233032418526932992
1233032531697700865
1233032553923260419
1233032655144439809
1233032810304299013
1233032926801092608
1233033060842659841
1233033368524247040
1233033429849120768
1233033585109733377
1233033820410085378
1233033830904270849
1233034063050571779
1233034292718120961
1233034627322916866
1233034890540716037
1233034927895175168
1233035091875639296
1233035219772563456
1233035386076778497
1233035442615996416
1233035508328148996
1233035558190014465
1233035860754472962
1233036105043316736
1233036382479831040
1233036520442998787
1233036608217190402
1233036621932572674
1233037153611001856
1233037226394738688
1233037320024199168
1233037667945852929
1233038470244786177
1233038534120026113
1233038896507822081
1233039014338420737
1233039100573151232
1233039391330836483
1233039411471884289
1233039448104939522
1233039480036220928
1233039642460553216
1233039717949693952
1233040096225423360
1233040369849421824
1233040460974886915
1233040688297730049
1233040728298807296
1233040982863745027
1233041092003667968
1233041354290233344
1233041599615184896
1233041701146636290
1233042249451261953
1233042261543399425
1233042283538370561
1233042406041407489
1233042581237501952
1233042692348764160
1233042876365524993
1233042938625773568
1233043434476314627
1233043638361481216
1233043878631985153
1233031708431339521
1233029415468195843
1233029470698823680
1233032554250457088
1233034194865000449
1233035483091030016
1233036157656674307
1233036423508496385
1233029050387632129
1233029096059396099
1233029156427968512
1233029162849402880
1233029557994823680
1233029744687448066
1233030499830030336
1233030524052086785
1233030850817728514
1233031280767488002
1233031332097294336
1233032420720619520
1233032471853326336
1233032651658989569
1233033002659307521
1233033532529836034
1233033618714435585
1233033699928805378
1233033852240658434
1233034053684781058
1233034233968504837
1233035179553361922
1233035236113555456
1233035475260248065
1233035515080912898
1233035568331841537
1233035576695312386
1233035691455655942
1233036286274998275
1233036421881094146
1233036556300169218
1233036611136479234
1233036729294168065
1233036798215049217
1233037515067707397
1233037559212773377
1233037881998028802
1233037977934233605
1233038072352251906
1233038523948769280
1233038581423362049
1233039809280606209
1233040213489934337
1233040863246331906
1233041113604292612
1233041118473879552
1233041325173460997
1233041338079293443
1233041437203345410
1233042187891462146
1233042265628647424
1233042324864798720
1233042554578460679
1233042750473416705
1233043460665552897
1233043854942666752
1233036716316995585
1233037951023636480
1233029641583104000
1233032570532761611
1233041536671199233
1233031665812934656
1233033334437171200
1233034538751799297
1233034991229165571
1233036546493886464
1233036882696646656
1233037046924685313
1233037129120350213
1233037342207856646
1233037659670536192
1233038491983994881
1233038999209598976
1233039602740539392
1233040188521222150
1233040265880985607
1233040757897953282
1233041675146100736
1233042611344216067
1233043152396849152
1233043485512601601
1233029113356615683
1233029162887241729
1233029304881160193
1233029316902096897
1233029436922003456
1233029808570978304
1233029828196040704
1233029872571834370
1233029943862398978
1233030009318772738
1233030238537428992
1233030357357940736
1233030643174592512
1233031046242934784
1233031056766402560
1233031091310735360
1233031207455281154
1233031255299633152
1233031445612023808
1233031510808317953
1233031522141327361
1233031604890722305
1233031679859666945
1233031783589072899
1233031784708923392
1233031792237727744
1233031869207384070
1233032471048003585
1233032495161135104
1233032764066353153
1233033036171743232
1233033258092433408
1233033297590091777
1233033437688336386
1233033499038404609
1233033692295069697
1233033779423346689
1233034254935826433
1233034297654816774
1233034375723438086
1233034444589670402
1233034546867822592
1233034575510753285
1233034688513675264
1233034692536012800
1233034879312580608
1233034939018379269
1233035126587756546
1233035396147224582
1233035407727759362
1233035438887141376
1233035441668050944
1233035446952873985
1233035511566127105
1233035547494486016
1233035565118951430
1233035579228643328
1233035830761005057
1233036194658820096
1233036215869411329
1233036534707900417
1233036570107793415
1233036627234127874
1233036733933084672
1233036824320323585
1233036850098515968
1233037104592097282
1233037282971652098
1233037369403674624
1233037484830924801
1233037528367759361
1233037607686352896
1233037607803768832
1233037700804026371
1233037705136803842
1233037740721278976
1233038082389282816
1233038391173943296
1233038417275031554
1233038626176557057
1233038639707361280
1233038713078177793
1233038783228121088
1233038927910653953
1233039090662150155
1233039091983355904
1233039208639537153
1233039236913299457
1233039320329658370
1233039321286029313
1233039404123480066
1233039437795336193
1233039437694722055
1233039448352444416
1233039646738829313
1233039662278750208
1233039989518237699
1233040505639985154
1233040559901724673
1233040643854864389
1233040763807764482
1233040871349682176
1233040917302562817
1233040951939084289
1233041050966614018
1233041104083263488
1233041120285818880
1233041337336745985
1233041622880878592
1233041653717491717
1233041732842991618
1233042040243527682
1233042052113453058
1233042358213730306
1233042392934223875
1233042489432346624
1233042516854833155
1233042549268504582
1233043113003880448
1233043145241382912
1233043472439021570
1233043603028676610
1233043649723801602
1233043797141082112
1233043856456921088
1233043951042605056
1233029021933461504
1233029043597037569
1233029236589572096
1233029639406260225
1233029855727493121
1233030182312779776
1233030424034672640
1233030521480982528
1233030635398324224
1233030660761309187
1233030676397592579
1233031021052006402
1233031292670894080
1233031586997731328
1233031641557340161
1233031742367424519
1233032501150572546
1233032525863424002
1233032568766902272
1233032991263379456
1233033530411823105
1233033699664551937
1233033834213629956
1233034309696737283
1233034433118208000
1233035269974188033
1233035450199289856
1233035515861049346
1233035952563642373
1233035990639484929
1233036070952079360
1233036565611347969
1233036643537387521
1233036815797563523
1233036976561020933
1233037054491140100
1233037305167912960
1233037321039237121
1233037381365903361
1233037504363794439
1233037586744119300
1233037645950799877
1233037928672251904
1233038130485301250
1233038160793415681
1233038223611498498
1233038348983394305
1233038534916833281
1233038557645807616
1233038675862310919
1233038711287406592
1233039159436218371
1233039284925554688
1233040133949198339
1233040215033491456
1233041040480837634
1233041076816171010
1233041925550301185
1233042068504797189
1233042757196943361
1233042948306145280
1233043489841172486
1233043716039946240
1233029345142345728
1233032852570329088
1233035676230340608
1233037356363603968
1233038931152850944
1233040751824646145
1233041882755760130
1233042402430144512
1233042404908961794
1233043110676049920
1233029308563775491
1233038033605267456
1233040247862235138
1233042366967304192
1233043474695544832
1233041930889633792
1233042824192503813
1233029783832944642
1233029790703198208
1233029908605145088
1233029951999397889
1233030245575512064
1233030422143041536
1233031115214086144
1233030786107920384
1233030785910726658
1233031556689727490
1233031625186869248
1233031771270328322
1233032083569811461
1233032367310286849
1233032691714547712
1233032964390424576
1233033134582697987
1233033601966596099
1233033815414788096
1233033944251150337
1233034173155287041
1233034176745660422
1233034325899304960
1233034480065155075
1233034709090930690
1233034718465208321
1233034970790268931
1233035356368445445
1233035458470449152
1233035498085634051
1233035871932354561
1233035982024400897
1233036015520096256
1233036238506090496
1233036639334735872
1233036679755239424
1233036800257646592
1233037183759585282
1233037378719297536
1233037587805331456
1233037840621150211
1233038171778244608
1233038564411269123
1233038892351328257
1233039097171595264
1233039149889916929
1233039451481346048
1233039462822797312
1233039504509952003
1233039551251329025
1233039712169971712
1233039981318459399
1233040194204512256
1233040280695250944
1233041286875271170
1233041315639812098
1233041378629881856
1233041946345639941
1233042143624728577
1233042386927980546
1233042503034519552
1233042567694032897
1233042631262982145
1233042896309362688
1233042972180189187
1233043119441997825
1233043678077292550
1233043862307983361
1233043992893362176
1233029056024719360
1233033856976072704
1233042180257779712
1233029536008196096
1233030255922819072
1233030561163366400
1233031179542069251
1233031523915456513
1233032717081681921
1233032808538529798
1233033402904793088
1233034633262092288
1233036113721397248
1233036964921839616
1233037360415289344
1233038689963532288
1233041378881556480
1233041410984742912
1233029087356235777
1233029324707684353
1233029472267493376
1233029647077707777
1233029658423283712
1233030269030014977
1233030542423142400
1233030965536186371
1233031678093938689
1233031752727265285
1233031863427649536
1233031945342406656
1233031967463104513
1233032467814273024
1233032555202564096
1233033256423088128
1233033270960541699
1233033303109795840
1233033746569453569
1233033793008754688
1233033846125473798
1233034075193200641
1233034109934620672
1233034227710599169
1233034630019911682
1233035075501150209
1233035275409985538
1233035964156649474
1233036481595420672
1233036803218825217
1233036858034135040
1233036914925752322
1233036922336968707
1233037894786392064
1233038032195944449
1233038049648500736
1233038050306994176
1233038058938937345
1233038063959494658
1233038253974007808
1233038605972582401
1233038722012188672
1233038800982597632
1233038948114608133
1233039181275975682
1233039340449812482
1233039411748704256
1233039729584672768
1233039845116776448
1233039871461281793
1233040038205775873
1233040238639013888
1233040512560570368
1233040982528098306
1233041183376642049
1233041282710163456
1233041692670005248
1233041886446866433
1233042033608155140
1233042222981013505
1233042414568452098
1233042418741776384
1233043453845688326
1233041882680307713
1233029818830196736
1233033755163537409
1233040245068828673
1233041298925477889
1233030075030921218
1233036827520577536
1233030825106604032
1233031275344166913
1233031596292345856
1233033375633551362
1233035323627769857
1233036548410572800
1233036586822008836
1233037053971116035
1233037229792071681
1233039817639895040
1233029474117136385
1233029479838232579
1233029554383572993
1233029576235929601
1233029720977047553
1233029999738966016
1233030031087165442
1233031009228263424
1233031040459067393
1233031082251030528
1233031261138149379
1233031316985319425
1233031391320866820
1233031487223672833
1233031610427158531
1233031658988855303
1233031782095884288
1233031797316997120
1233032101781540864
1233032184086355968
1233032439406170113
1233032447664717824
1233032476374773760
1233032584982093826
1233032661578518528
1233032804490977281
1233032826343301121
1233032905099763713
1233032911714181121
1233033212231852033
1233033293135859712
1233033302992457728
1233033417505280000
1233033526745931777
1233033827536293888
1233033997200117760
1233034280735006727
1233034321402957824
1233034375740186625
1233034521483862017
1233034559513604098
1233034694570237952
1233034813432631296
1233034917858205696
1233034940830375937
1233035174851547136
1233035396545679360
1233035462861819904
1233035524497182720
1233035543191183360
1233035682463047681
1233035796078264320
1233035846401609728
1233036102111498240
1233036249033826304
1233036265915850752
1233036290003808256
1233036510225719296
1233036584724856832
1233036717013307399
1233037230404513792
1233037313359458304
1233038251755233282
1233038651971510273
1233038709970341891
1233039012400705537
1233039075411623937
1233039261009686528
1233039402856779776
1233039573435002880
1233039578602315778
1233039604095373318
1233039797771476993
1233039906420789248
1233040009575518208
1233040016609288192
1233040836360843264
1233040883337121793
1233040929407295488
1233041014077763584
1233041322908508165
1233041817874108416
1233042091552526336
1233043084952338438
1233043368512544768
1233043772818231298
1233043981656870913
1233089431323762690
1233090247451455493
1233090323636719627
1233090330846748672
1233090841507500032
1233091179526402048
1233091325035151361
1233091524142993409
1233091642766262274
1233091645563904001
1233091822408343552
1233091870227603457
1233092162960740354
1233092228530221057
1233092264517414913
1233092567958294528
1233092691329789952
1233092871990935553
1233093028803497984
1233093447998984192
1233093676114567169
1233093864891789312
1233094002611806215
1233094356812402690
1233094374793281537
1233095135921135616
1233095186340876288
1233095377638825987
1233095399537291266
1233095462472777728
1233095603661496320
1233095608711471106
1233095755814113285
1233096664002519040
1233097061714857984
1233097094199640066
1233097378833600519
1233098061196468224
1233098113365237761
1233098447349264386
1233098528991346690
1233098809154117633
1233099002545147905
1233099056345473029
1233099247878361090
1233099328450965504
1233099462475689984
1233099605811875840
1233099781599383555
1233099797743177729
1233100405879472129
1233100711048687617
1233100749170728961
1233100835959312384
1233100898135674881
1233101280719056897
1233101285072756737
1233101352299106306
1233101446628900867
1233101499481427968
1233101746848882694
1233101770685112320
1233101799395033088
1233101821964640256
1233101946673909761
1233102081533390848
1233102195253489670
1233102477257531394
1233102487948800002
1233102624741896192
1233102870616117249
1233102914190704641
1233103122500898819
1233103237110169601
1233096218462576642
1233097695490985984
1233089414064214016
1233089622755987457
1233090107382607879
1233090214731698178
1233090279978283014
1233090426178899973
1233090555480985601
1233090883496620037
1233090975410642945
1233091007639621634
1233091311051341826
1233091356920360966
1233091544497971202
1233091593629990912
1233091601767043075
1233091735749898241
1233091779282526208
1233092314542804993
1233092797454049286
1233093199796809728
1233093246760423427
1233093746666999808
1233093884567265282
1233094334775324673
1233094391260229632
1233094397656518657
1233094869968707586
1233095428981297152
1233095522904367105
1233095654089613312
1233095654798483456
1233095858301915137
1233096533635104768
1233096567470612480
1233096578967252992
1233096579676082181
1233096711737876487
1233096831132930049
1233096995931348998
1233097140517429251
1233097674448154624
1233097722288377866
1233097757369491456
1233097803712344064
1233097826051248128
1233097983287164933
1233098004556632065
1233098034730479616
1233098040170500096
1233098530387943424
1233099648887291907
1233099992618848259
1233100156674990081
1233100874802585600
1233101025449512960
1233101045049495552
1233101050275647488
1233101226499289090
1233101249714827264
1233101566812545024
1233101723687882755
1233101866617188352
1233101889987915776
1233102145601331200
1233102234927452161
1233102265675898880
1233102277671620609
1233102368268570627
1233102686003830790
1233102772628869126
1233102807785492480
1233102922117984258
1233103111977345026
1233103201479643136
1233103662307840005
1233103729156673536
1233103767526002688
1233089832894816256
1233090271266648065
1233090417270325251
1233093510821302272
1233094442791448576
1233094670038728710
1233096528044138498
1233098790808301569
1233099021922832384
1233099052801253377
1233099415843430403
1233099522361958401
1233102318633127936
1233089496113172481
1233089988167946241
1233090155227029504
1233090622141104128
1233090823148974080
1233091693378973698
1233091882902806528
1233092468708605952
1233093011082555392
1233093862631116800
1233094271168847872
1233094323912220674
1233094441201782785
1233094582461771780
1233094804151640070
1233095175947399168
1233095593351950336
1233095930662019073
1233096020449464323
1233096647657345025
1233097059894427654
1233097238840303617
1233097510136303617
1233097935463878659
1233098268197998592
1233098641419722754
1233099046031691776
1233099156060811266
1233099235442274307
1233100120331313153
1233101862263558144
1233102504398905346
1233102616009363456
1233103065277968387
1233103193678188545
1233104239435620353
1233104385481302018
1233091718439936000
1233097450568724481
1233101348410974208
1233091944655572992
1233094060648390656
1233095456705667072
1233098996878643202
1233101143334641666
1233101523175006210
1233101961232371712
1233102894741803009
1233104189657616386
1233095335427346438
1233099841506619395
1233090611474989057
1233091493625311232
1233091732193136640
1233092634245246976
1233097414690689025
1233097967701196800
1233098484632444931
1233098728430559232
1233098916851310601
1233099531832741888
1233100029084172295
1233100316398276608
1233100864010752001
1233101148275474433
1233101960364077063
1233089419990663171
1233089508792553474
1233089591630016513
1233089636404252673
1233089721695457288
1233089775952957448
1233089891355045888
1233090012431908869
1233090040051458049
1233090357912592385
1233090645029462017
1233090881277845504
1233090908461182982
1233090946868371457
1233091006419042306
1233091081300054016
1233091154201239552
1233091170231824385
1233091247595753477
1233091347164389376
1233091372837736454
1233091417779646465
1233091419063148544
1233091460360278020
1233091540400197632
1233091540647632896
1233091599690878976
1233091681928478720
1233091822710403073
1233091847653920769
1233091937516883972
1233091954763862016
1233092041711771650
1233092057092235265
1233092068865716225
1233092186457231361
1233092317776621570
1233092541538557952
1233092701391933441
1233092861907873792
1233092872213344257
1233093195589988352
1233093237772050433
1233093431850885121
1233093586155114497
1233093842523607040
1233093875809607680
1233093911360540674
1233094307923533826
1233094322595270656
1233094616070660096
1233094618717335556
1233094626774540288
1233094681438965760
1233094707162603520
1233094781351481344
1233094994401153031
1233095071282745345
1233095150383095808
1233095319065432065
1233095476276318210
1233095519909634049
1233095529976008705
1233095631641751552
1233095691515449347
1233095708498157569
1233095744741048331
1233095791230816256
1233095981153079296
1233096257926836227
1233096355645739010
1233096365795938304
1233096387702771712
1233096454274736129
1233096577226543105
1233096639612628994
1233096701533138944
1233096815223943168
1233096889953853440
1233096973714153473
1233097016336621568
1233097044530810883
1233097050583109632
1233097163741310981
1233097271950086144
1233097485381492737
1233097492792827905
1233097662825713664
1233097713618739200
1233097858519359495
1233097865720991745
1233097985073922049
1233097993114603521
1233098017974165504
1233098047040688133
1233098333788528646
1233098479465095168
1233098587627819014
1233098607211032580
1233098745929195520
1233098751968972801
1233098838082232320
1233098982802513920
1233099024674234368
1233099087190335488
1233099120274964481
1233099157692452864
1233099238856368130
1233099244816474112
1233099351012106241
1233099513956634624
1233099678608130048
1233099790680043520
1233099835718479872
1233099869650178048
1233099880811433984
1233100004841132032
1233100046100520969
1233100061724291073
1233100211855208455
1233100241634779143
1233100330474319873
1233100809363165185
1233100910764732416
1233101150934773760
1233101156429246464
1233101266580099072
1233101364420583424
1233101369940283399
1233101525020483585
1233101587020681216
1233101609678393352
1233101720781283334
1233101982484832262
1233102005478084609
1233102008439263233
1233102023874220034
1233102090265866247
1233102348471488512
1233102554231382021
1233102611806588933
1233102636406247425
1233102891835174912
1233102912798314497
1233102919890874370
1233102956351741952
1233102978929844226
1233103052883795968
1233103450386378758
1233103484511277056
1233103505352777728
1233103510918647810
1233103549908836352
1233103578031632391
1233103608759115776
1233103612869586945
1233103769375670272
1233103783430803456
1233103858508976128
1233103927744303104
1233104012028805124
1233104065573347328
1233104168606408709
1233104211279273984
1233104313989443585
1233104404502470657
1233104449364799488
1233089461594083334
1233089709347393542
1233089823772160010
1233089912276123651
1233090371464376327
1233090405329244161
1233090459372793857
1233090557620244485
1233090677237567488
1233090802722725888
1233091043723268102
1233091089529286656
1233091095514550272
1233091369650073600
1233091426835214337
1233091542564397057
1233091662265683969
1233091687565733889
1233091721518632960
1233091749037461505
1233092113656619009
1233092282536124416
1233092312290467841
1233092554557730816
1233093014320537600
1233093741122084864
1233093816380481537
1233094145947897856
1233094644508041222
1233094721100222466
1233094772199448577
1233094788230111239
1233094838943391744
1233095126672662528
1233095161279848451
1233095518110257152
1233095657759571969
1233095749468073984
1233095981396381696
1233096185914839040
1233096208853368832
1233096677529182211
1233096963672788992
1233097206254723073
1233097588963991552
1233097846326472705
1233097925837889536
1233098078636343305
1233098160203059200
1233098388989710336
1233098468949925889
1233098633131806721
1233098716942303232
1233098898530541569
1233099135705927680
1233099522747879424
1233099561633230848
1233099694471073792
1233099960557752321
1233099982766592002
1233100080426737664
1233100356932030464
1233100357053616130
1233100390691897351
1233100471742685185
1233100640404082690
1233100665859256320
1233100692354715648
1233100808805330944
1233101039299112960
1233101155108040704
1233101340714381312
1233101956224294913
1233103029811007490
1233103040997097479
1233103086597672960
1233103182030655493
1233103592426479622
1233103886853996547
1233104080681259009
1233104137006571520
1233104349112553474
1233104423167123467
1233089711033528321
1233096619744256000
1233094344938315779
1233100738861174784
1233089425636241411
1233089496738095104
1233089749025533953
1233089830436864001
1233090044543557632
1233090566231117824
1233091059594383361
1233091088862367752
1233091099687817217
1233091338998091776
1233091360670003200
1233091785683087360
1233092035873267712
1233092109080637440
1233092258783780865
1233092332133609473
1233092403382431749
1233092554872229888
1233092794794811394
1233092867805061126
1233092971584724995
1233093909540212736
1233093937633644547
1233094225895591937
1233094279196790788
1233094427209609219
1233094515742908418
1233094523821142016
1233095398740369408
1233095452217745408
1233096488705757184
1233096717437997059
1233096920874266625
1233097215935221761
1233097979936018433
1233098067055927298
1233098868239282178
1233098919091015683
1233099425448415232
1233099480750268416
1233099521850331138
1233100504219164672
1233100983443521537
1233101091404906496
1233101144307662848
1233101258069860352
1233101563784310785
1233101627919405056
1233101868018077697
1233101941309349888
1233102215881142274
1233102389449777157
1233102865000026124
1233103936229433344
1233104189615677441
1233104448798576646
1233089725902282752
1233090356335521792
1233093986484654081
1233091691332149251
1233093214514688000
1233093597735591936
1233094260435640325
1233094519349968896
1233095743243681796
1233096107456110596
1233099197110530048
1233100063985065984
1233101999857655808
1233104116819386371
1233089556452446208
1233089807712169984
1233090199401443329
1233090832640675840
1233090970864013317
1233091170223427587
1233091225370140677
1233091432702935046
1233092070971236352
1233092378975784960
1233092401864101888
1233092712997511174
1233093623937409027
1233093953051820032
1233094795700117505
1233095905076752384
1233096401103486976
1233096828578603008
1233097126416179200
1233097379420803077
1233097515597209600
1233097706450702337
1233098311323783168
1233098466810830853
1233098647119814657
1233098705085050881
1233098711900839938
1233099113597722624
1233099210117013504
1233099418607419392
1233099852583706629
1233099934028697602
1233100357867274240
1233100501132156928
1233101108819701760
1233101316223913984
1233103295033548800
1233103395898216449
1233103619588870144
1233104333060923395
1233089449002700803
1233091321205796865
1233098226800250885
1233090924294672386
1233096469479120896
1233096782424526849
1233097346138988546
1233100220608712704
1233100242167500800
1233100657600684033
1233101735402655752
1233090031092486144
1233093693428596738
1233096196379594753
1233096487929860096
1233098016611065860
1233100385348444162
1233100606140796930
1233101813844520961
1233101974838616064
1233103805014736897
1233089693316796419
1233089783284543488
1233089936703750146
1233090046103838722
1233090328745431051
1233090356675256320
1233090622761918464
1233090995870367744
1233091867983720450
1233092003220598784
1233092205025382405
1233092218010951687
1233092421401108480
1233092445979758593
1233092555010650113
1233092658685337600
1233092930333794308
1233093048101490689
1233093126765654016
1233093421675548672
1233093464813953025
1233093527095185408
1233093688710049792
1233094437426941952
1233094515348602881
1233094919436324867
1233095168057905153
1233095190614872064
1233095233333858311
1233095396559331329
1233095491086376960
1233095831064064001
1233095924043460609
1233096162007187458
1233096206689165314
1233096230760329216
1233096255334686720
1233096328948875265
1233096577214033922
1233096757694881798
1233096778557394951
1233096847394254849
1233097192593936386
1233097266380099584
1233097294792286208
1233097304414048261
1233097783172878336
1233097791976747010
1233097900961472514
1233097902374957062
1233098056121356289
1233098483634180096
1233098489514647555
1233098481096511488
1233098506950369281
1233098877416460289
1233099269898489857
1233099432662589441
1233099753996660736
1233099857319079938
1233099879746068485
1233099956032024576
1233100057978777601
1233100365010219010
1233100426641379330
1233101057053601794
1233101140687978496
1233101161017827329
1233101233780666368
1233101299752763394
1233101322406199304
1233101359102164992
1233101548735094785
1233101638736457731
1233101933944213506
1233101944589299713
1233102062172483586
1233102138949165058
1233102179650736128
1233102203465932800
1233102268548907010
1233102319660797953
1233102368130129920
1233102434173624320
1233102484798873600
1233102624351756288
1233103193271406593
1233103277660790787
1233103478190411776
1233103504278982657
1233103661062086662
1233104036771004416
1233104390917173255
1233104434034610178
1232984003197751296
1232984959662596096
1232985308863528967
1232986052559851521
1232987344149630976
1232987446616428544
1232987535661506560
1232987596944531458
1232987601554100225
1232987872535482368
1232987901568397312
1232988042375450624
1232988050629722112
1232988249615949826
1232988329722945536
1232989115165159424
1232989357902114818
1232989502538424320
1232990019582820352
1232990092903567360
1232990622279176193
1232990770585636864
1232990910574743552
1232991184064253953
1232991270953508865
1232991479913746432
1232991676383322112
1232991733094535169
1232991793609920512
1232992592998158336
1232993281920897024
1232993579523616768
1232993744191918082
1232994008164683776
1232994090196840448
1232994099529162752
1232994376038670337
1232995365860904967
1232995584811917313
1232995793407291393
1232996216667017216
1232996267258777600
1232997560127762432
1232997672765796352
1232997693116600320
1232997811874078723
1232998013703991296
1232998569809981440
1232998648247660545
1232998696473763842
1232988086423949312
1232987434712956928
1232983808594587648
1232983954925506561
1232984067810963456
1232984137797185536
1232984386510999553
1232984613691314183
1232984673816653824
1232984846399614976
1232984975487782913
1232985343328161794
1232985491227566081
1232985492007731204
1232985729422241792
1232985737148145665
1232985776381669376
1232985831046025216
1232985902458310659
1232986019169030144
1232986650587926529
1232986780749762560
1232986988770451456
1232987001663692800
1232987265623826432
1232987428882915330
1232987437909057536
1232987746173640704
1232987952600539136
1232988285028519939
1232988386773929984
1232989084521353217
1232989086778056706
1232989484909813760
1232989522545258498
1232989540605997056
1232989617894363136
1232989783099662338
1232990054991245312
1232990195869417472
1232990256351211521
1232990266300063744
1232990325393776640
1232990388786540544
1232990415999193089
1232990419862114304
1232990464682479616
1232990494373949440
1232990598157815812
1232990902013976577
1232990917914746880
1232991078548213760
1232991141542363136
1232991169640091649
1232991379640528896
1232991398556848129
1232991495931781120
1232991543398522885
1232991894482935808
1232991913109749761
1232992039429558273
1232992049487646721
1232992073365753856
1232992196766392321
1232992761978056705
1232993040173760512
1232993196877152256
1232993319019479040
1232993415421317120
1232993581205508096
1232993628575936512
1232993726122864641
1232993828799483905
1232994007699132417
1232994181829865472
1232994268316389376
1232994608336035840
1232994677365723137
1232994908937519105
1232994913589059584
1232994963014770688
1232995040395431937
1232995223229390854
1232995319731965952
1232995344235081740
1232995417522085891
1232995649060319232
1232995656861655041
1232995734095585280
1232995784368500736
1232995986932367362
1232996055668723712
1232996084185735169
1232996194831470595
1232996309541490688
1232996470082752513
1232996550755876866
1232996555713601536
1232996634121863170
1232996797221658624
1232996822399975424
1232996928889249794
1232996975911559168
1232997359933706241
1232997401830592512
1232997536136339457
1232997577429323777
1232997603865964545
1232997631422533632
1232997953654185986
1232997988148170753
1232998155903492096
1232998254238892032
1232998332601073666
1232998632326037504
1232991248132210690
1232993955253489664
1232985383631249408
1232986589531275265
1232989700757032960
1232994604435288064
1232984923201572865
1232985065946275840
1232985988097617922
1232986657902731265
1232987415817674752
1232987467122446337
1232987504665559041
1232987652636512257
1232989773813485569
1232990456918806529
1232990810603491328
1232991076744671235
1232993244251926529
1232994058093649920
1232995370067791872
1232995642424909830
1232995897585422337
1232996259088257026
1232997347744980994
1232998119094280192
1232998371679404032
1232986773124452352
1232988789557125126
1232993782095896576
1232993782062206978
1232993782066380803
1232993782175543296
1232993782112456704
1232991787125530625
1232986261658447872
1232992124901232642
1232994316701835264
1232984824912261120
1232990598732316673
1232991348015423488
1232992458868449282
1232993050089181185
1232994793099288576
1232995275444236288
1232997621079453697
1232984175801700353
1232984361198374912
1232984740027928576
1232985408323104770
1232985575059345408
1232985614687068162
1232985701391749120
1232986123695247360
1232986316993900545
1232986401685278722
1232986413622288384
1232986563002454017
1232986587732041728
1232986641108738049
1232986721698054150
1232986861838176256
1232987158417465345
1232987260485881857
1232987316718899201
1232987455927787520
1232987675029798912
1232988036633415680
1232988100063789057
1232988159253893122
1232988198906814464
1232988312224378880
1232988690877702147
1232989002015428608
1232989163525484544
1232989290696773632
1232989451271446529
1232989774161596416
1232989844349112320
1232989955590410240
1232990192333721602
1232990405156888578
1232990618294587392
1232991050039463936
1232991279044276225
1232991309947920386
1232992093649428481
1232992280123932674
1232992695049740289
1232992986809720833
1232993073426313217
1232993176991993856
1232993275822444545
1232993541397282818
1232993788618006529
1232993789951840257
1232993827524349952
1232993886169182208
1232993918410797060
1232993935909380096
1232993982667468801
1232994057451974659
1232994118537744385
1232994145599401985
1232994212217597952
1232994306148966401
1232994341431513093
1232994359102013440
1232994410419408898
1232994500034822144
1232995338321047552
1232995385125298180
1232995405043990528
1232995453236629504
1232995531170906112
1232995748561793025
1232995947921256448
1232996211323482112
1232996279657082880
1232996328185176065
1232996773628727297
1232996819979907073
1232997013689688065
1232997087220043778
1232997413222260736
1232997902349414400
1232998061024174081
1232998148487905280
1232998154330660865
1232998406240468993
1232998608296910849
1232983768421539841
1232983825183072256
1232983919261310976
1232983966464053254
1232984164280012800
1232984269238173696
1232984363865907201
1232984481872646150
1232984672801640449
1232984837046312960
1232984843543339008
1232985068605452289
1232985271689502720
1232985325926060033
1232985336256565248
1232985824419045377
1232985904102432775
1232985911639642114
1232986145652428805
1232986390473977856
1232986496581488640
1232986548557287424
1232986559626055680
1232986662663327748
1232986797413629952
1232986828124368897
1232987085365182464
1232987457395838976
1232987487150247936
1232987497317195777
1232987909353066496
1232987971479113733
1232988420240269312
1232988853499285505
1232988891680059392
1232989101093158912
1232989182320050177
1232989227240939521
1232989263739998208
1232989531818876928
1232989605793816577
1232989717987307520
1232989749855608833
1232989880487153664
1232989902398271488
1232990044295704581
1232990115456258048
1232990274823114753
1232990281433276416
1232990283119419392
1232990391605092352
1232990569066123265
1232990658438352897
1232990677128052736
1232990771353128960
1232990953855737856
1232990977243176960
1232991019228160000
1232991114904457216
1232991456698273793
1232991458333949952
1232991459722309632
1232991508288147456
1232991732175966208
1232992013383012354
1232992128776708096
1232992902084747264
1232993122730336261
1232993580467265536
1232993774294491137
1232993778086137856
1232993887045738496
1232993936337231872
1232994004649771009
1232994129875013636
1232994388621582337
1232994619677384705
1232994934468337666
1232994990172839936
1232995007612715008
1232995200475242497
1232995305987158016
1232995773589094400
1232996229556076545
1232996361127309314
1232996539246751745
1232996674043293698
1232996864657633287
1232997095960911874
1232997356808830977
1232997412844732418
1232997713379241991
1232997765808082944
1232997828714168321
1232998301944946688
1232998336568987648
1232998585320574977
1232998629348126721
1232998710059114497
1232988636616036354
1232990888823083008
1232991687783436289
1232993874336940032
1232996027755573248
1232997457547624449
1232998784885456896
1232990695847272449
1232995016357879808
1232983757377982465
1232983764025909248
1232983883760721928
1232983904052797440
1232983973812428801
1232984241425862656
1232984273508077568
1232984630678228992
1232984648499765248
1232984985818128384
1232985495476432899
1232985524522098688
1232985532541566976
1232985741296316416
1232985794408828928
1232985804043096064
1232985917469741056
1232985975011389440
1232986028333584384
1232986079281676295
1232986263319457792
1232986297159049218
1232986398740881413
1232986509499699200
1232986592366800896
1232986610175795200
1232986835632238592
1232986970298732544
1232987038271582208
1232987039865483265
1232987214168166401
1232987961446326277
1232988511487299584
1232988524649099264
1232988634971807744
1232988642160922624
1232988824852058112
1232989097490354176
1232989169980407809
1232989314532941826
1232989474633789440
1232989676899913728
1232990062184476674
1232990080807112706
1232990238076755968
1232990558047604736
1232990700670791680
1232991044356247552
1232991305002897408
1232991338167230464
1232991354034311169
1232991940997718018
1232992044349440002
1232992239464386561
1232992660480151552
1232992816042782726
1232993007621767169
1232993047350087682
1232993360459202560
1232993644480692224
1232993664378580993
1232993690072776710
1232993763695452160
1232993791696498690
1232993805500063744
1232993813825806336
1232993843143942144
1232994228470501377
1232994306551681024
1232994338411630592
1232995061757104130
1232995234407239681
1232995247753515008
1232995677908717569
1232995712482381824
1232995811891523584
1232995997707575297
1232996042150416384
1232996379607257089
1232996577427558400
1232996891463442433
1232997086548963328
1232997088557965313
1232997281764388865
1232997486324854787
1232998188103147520
1232990699672522752
1232997587415949313
1232983987095851009
1232987803501432832
1232988008401510410
1232989013629456385
1232989956110454790
1232991405217320992
1232992465478656000
1232993284198404104
1232996485048000513
1232997412437987329
1232998107366993920
1232984477363851265
1232984505465569283
1232984572767412224
1232984629419892736
1232985327452794880
1232987064817373184
1232989224833552384
1232989238263676929
1232989430161575936
1232990302731984897
1232990414434689025
1232991542463385600
1232991834210697216
1232991915236364289
1232991976242470913
1232992302303514624
1232992896497967104
1232992913124155395
1232993329215942658
1232994121469566976
1232994321797963776
1232994529567019009
1232994990650949632
1232995693452763136
1232995750898028546
1232995907647524864
1232996628220522503
1232996684369670145
1232996842515943425
1232996883980865537
1232997002511880192
1232997167687749633
1232997299514724355
1232986737175080961
1232990657288994816
1232993994092707840
1232997239909470208
1232990815489839105
1232992251242074112
1232997012313907200
1232984179069136898
1232984782780366848
1232984886094581760
1232986442030338050
1232987436558487552
1232987876192915456
1232987973093920768
1232991385315356672
1232991944378376192
1232992163220393985
1232992272272240640
1232992899786321921
1232993514004373506
1232995897065299969
1232996462369398785
1232983961686679553
1232984009036193792
1232984097204641792
1232984513053106183
1232984597769736197
1232984763209846786
1232985000154484738
1232985006798254081
1232985232195883009
1232985310314844160
1232985683272359936
1232985738087628801
1232985869579145219
1232986291383554049
1232987367180558337
1232987437053464576
1232988315852382208
1232988496006172672
1232988590898122758
1232988654643138561
1232988734729179136
1232988957308309504
1232988968242774018
1232989265992138753
1232989268911566848
1232989756289617920
1232989762576953347
1232990238240313346
1232990249795620866
1232990299011637249
1232990331471384576
1232990395350556672
1232990627572453376
1232990709436878849
1232990715938058243
1232990900034228224
1232990961724272641
1232991115252465665
1232991268155936768
1232991604555821056
1232991718687019008
1232991883380633601
1232991962040541187
1232992050401988608
1232992134984355841
1232992212281110528
1232992216123158528
1232992304253865984
1232992380686651392
1232992449708077056
1232992503151890432
1232992520285622273
1232992588015292416
1232992610983301121
1232992671540576256
1232993000374050817
1232993459713212418
1232994154487177218
1232994353179713536
1232994774577274880
1232994884799344641
1232994926692093953
1232995233329287173
1232995299905429504
1232995341735211009
1232995445657477120
1232995488288452609
1232995644316487683
1232995817109311488
1232995986466844673
1232996206214832129
1232996270014369792
1232996516475916288
1232996606645080064
1232996630716178437
1232996818461560835
1232997031909773314
1232997178366398464
1232997610627174400
1232997873530351616
1232998455028723713
1232998455964028934
