1230193802834513920
1230195368563965952
1230201639145025539
1230202739155664896
1230203185370931200
1230200237840576519
1230190409747484672
1230190728405495808
1230191907571195905
1230192090497323014
1230192181438275585
1230194821291220993
1230195367028805632
1230197807124013056
1230201564427628546
1230201731511996423
1230202732813967361
1230203852886069249
1230190836425658368
1230191183592292353
1230191517035307008
1230192665242693633
1230194723090051072
1230195378659758082
1230195641906876417
1230196061857144832
1230196429169319939
1230196790491828226
1230197114510225409
1230197243585712133
1230198022409261056
1230198101748654080
1230198122497937408
1230198259165147136
1230198290496528386
1230198392883761152
1230198416082440194
1230198522894569474
1230198721050226688
1230199255719174145
1230199278150279168
1230199471667077121
1230199741364998145
1230199842443534336
1230199987205820416
1230200022425358336
1230200071024709634
1230200256224202752
1230200477154975745
1230200535766196225
1230200825244536837
1230200981494824962
1230200999920513025
1230201856456101890
1230202185432076289
1230202515326722049
1230202711557263364
1230202747120685061
1230203454863429634
1230204071727988738
1230204303085887490
1230204519033819137
1230204825914269696
1230205053811732481
1230190842737909763
1230192342520348672
1230193475867627521
1230194350350487552
1230196770388533254
1230198312361504769
1230198333739851776
1230200269528424449
1230195986275893253
1230197106201284608
1230197347344318466
1230198662443208705
1230199061132783619
1230199127180533760
1230202569265471489
1230191947756732416
1230192115927392256
1230193127610142720
1230194457749991424
1230196382172164097
1230197018762629121
1230197876388769797
1230198106664394752
1230198145428180992
1230198598547144704
1230198939909021701
1230199229236305924
1230199522791477248
1230199735023284226
1230200749201797122
1230203159043289088
1230192508489142273
1230192768284315654
1230193740570144772
1230200167778934786
1230201037954387968
1230203436492378113
1230203486375235588
1230205293537218561
1230190309851717632
1230192964456022018
1230195209260146688
1230196215368880130
1230199989734907905
1230204075473592320
1230203425486516226
1230192140896129024
1230196032501374976
1230198456653959168
1230199625413464064
1230201254753816577
1230191325875585025
1230195200125001732
1230199309301428224
1230203138185080834
1230203358021128193
1230203812423634945
1230190751918776320
1230192158931550210
1230192230255775745
1230192909389062147
1230193386512166912
1230194996046901250
1230195345365327879
1230195633631481856
1230195885776293889
1230196269991284743
1230196342162628609
1230196511830691840
1230196742127308801
1230196800818159622
1230196969341161473
1230197110752129029
1230197257795985412
1230197405125050368
1230197539800076294
1230197761464774656
1230197917245485056
1230198120539213826
1230198222204866560
1230198299996643328
1230198325388902400
1230198579165356032
1230198638112055296
1230198931679776768
1230198934263472131
1230199095916204034
1230199497847967747
1230199630585040896
1230199886588661761
1230199908117950467
1230200263379689478
1230200289069760512
1230200455667617793
1230200522973552651
1230200554326020096
1230200694348689408
1230201204178931712
1230201379072937990
1230201605578002432
1230201669486546945
1230201807651119105
1230201940589600772
1230202060873904131
1230204169346338817
1230204212597923842
1230205178911100928
1230190938296848386
1230200174007508992
1230191376312172545
1230192678798843905
1230193703916068864
1230194034506895361
1230194042954227715
1230194316460666881
1230195277954453504
1230196520810635266
1230196667678412802
1230197318860857345
1230198914487390208
1230199718040555520
1230200249026781186
1230201107944738817
1230201155004833793
1230201414003064835
1230202669211488259
1230203431211667456
1230203681645174785
1230204187717312513
1230197268554375168
1230197705290461184
1230205161819320320
1230122427088277504
1230125882901254145
1230122258473062402
1230115383564173314
1230115884544471042
1230115951573716997
1230116477849800711
1230118059165323266
1230119366785548288
1230120797253120000
1230120907127042048
1230122819549376513
1230126095263031297
1230126162191372290
1230126780733804545
1230127223006429189
1230128287789260801
1230129318950559745
1230115110879973376
1230116232524914688
1230122770048208896
1230123411373985794
1230114905115779072
1230119485283106816
1230120311187787776
1230116111452078083
1230116830028746752
1230117213224333312
1230116997201002496
1230122624400781312
1230126152221646850
1230127410999447552
1230127411267883010
1230127411309793286
1230128685702950918
1230128685946109954
1230115977045643265
1230116702727417857
1230117221101379590
1230118019596193793
1230119862023921665
1230120230048993283
1230122682819149829
1230124503373635585
1230126746118303746
1230127430293168128
1230128483558400001
1230129393349074944
1230129863937396736
1230115771445108738
1230116193601773572
1230117681694748672
1230121938535751680
1230122881415286790
1230124223584186370
1230129558881521664
1230115456482205699
1230121148526088192
1230122352199028736
1230122907684220930
1230126769417674754
1230115194224988161
1230120697915113472
1230120765049233408
1230121358962589696
1230116407691612160
1230119015886053378
1230119647854366720
1230120936537567233
1230121096629932032
1230114911000449031
1230120610933563392
1230122227057778688
1230126012865839105
1230126590568341504
1230127892937498625
1230128069442252802
1230114832625623040
1230119289866407941
1230127385879744512
1230117248725069824
1230119505134837761
1230119850359562242
1230122175878881282
1230123108230717441
1230116332684939264
1230116418357780481
1230115415608582144
1230119064380624901
1230115362534023169
1230115703354777603
1230115817259458562
1230116573240856577
1230117032697442304
1230117077026914304
1230117809293844480
1230118433615994881
1230118717578784768
1230119280676626433
1230120413537107968
1230120817591279617
1230121209913843712
1230121547559555074
1230121995926491136
1230122601416097793
1230123372643835905
1230123841319469058
1230125120276049920
1230125877314412545
1230125990698999808
1230126220945317888
1230126398519566341
1230127319743946752
1230127666927480835
1230127668408000513
1230128487220076544
1230128603993604096
1230118444638621696
1230119501775228928
1230120047517032451
1230123054312935425
1230126025989853186
1230008700661833728
1229995618254360576
1229996217481953280
1229997652781207552
1230003912104648704
1230007379326009344
1229997661207572480
1230000052699041794
1230000291916980224
1230003328114974720
1230003462034874375
1230006038256115715
1230007177039007744
1230002202313445376
1230004481452134400
1230008580952281093
1229997598234365952
1229997700805992448
1229998430312947712
1230004618840748032
1230007311026073601
1229997231350124549
1230003981927227394
1230008402631446529
1230006687349780480
1230008603203031040
1230003420565852160
1230001673017462784
1229994105180237824
1229998465461170177
1230005440077012992
1230005749436354560
1230006362391769089
1230007578102566912
1230008982200295424
1230002825117257728
1230039845134905349
1230041978160734208
1230042607176290304
1230049159044050951
1230054087066103808
1230039315859685377
1230041176503398400
1230041418275618817
1230041430615347207
1230042345749434370
1230042456416292866
1230042716618227713
1230043279674224640
1230044149874905088
1230044198235246593
1230044608979140608
1230044771218886656
1230046249467961346
1230047030577442816
1230047522355281922
1230047975281430529
1230048634546348034
1230051904648044545
1230052999705309184
1230053418322079746
1230054088362074113
1230040458098769921
1230053654058749952
1230053768235974659
1230046963271376896
1230047815381979136
1230048643102715908
1230054039695634433
1230044417093971969
1230044508127100930
1230052177705500672
1230040046205624325
1230040619114008577
1230041732047364096
1230044581338767360
1230046788058570752
1230047513643814912
1230048025583681536
1230048102607970304
1230049192871157761
1230049625060651009
1230050299894796298
1230050606364098560
1230053505110507523
1230042685777629184
1230044938987081731
1230045274313285633
1230045485341331456
1230045600923738112
1230048233914871808
1230052794092130305
1230040433578905602
1230041877900091393
1230042082607235072
1230042423444877312
1230043355779866624
1230044154727669760
1230045458334130177
1230046913988304897
1230049618085531650
1230050364193419264
1230051522685423616
1230052769899450368
1230052990461104128
1230054263633711105
1230048395634540544
1230052026014367745
1230052639993483264
1230040412624183296
1230041833159495682
1230045283939123200
1230048256287105024
1230048974440144897
1230049546786439173
1230051229423804416
1230051364237123585
1230052940687249409
1230053562144739328
1230053769653760001
1230053820157366272
1230054373046312960
1230039921303400448
1230041950042181633
1230042616185729024
1230044158091571200
1230048159231086592
1230048959487496195
1230049779348013056
1230053563755356160
1230039685629607936
1230042574641156099
1230045855253659649
1230046139799556101
1230046508151721990
1230047678094086146
1230047760977661952
1230048969469964288
1230051125841272832
1230051989536608256
1230053327897079810
1230054071081603072
1230054346756366337
1230041149584400385
1230045094423793666
1230040573106511872
1230042846998257664
1230045472930267138
1230047678601580544
1230051103947005952
1230052692216754176
1230043511011074048
1230040432601636865
1230039579174080512
1230040080707919873
1230040138308341760
1230040670984982528
1230041085105360900
1230041329603895296
1230041934271479809
1230043005962346497
1230043190759239680
1230043214293487617
1230043250414825473
1230044406213947393
1230044562044936194
1230044613609754624
1230044954359103498
1230046115560640514
1230046207784955904
1230046475226427393
1230046944652877826
1230047216137576448
1230047619310915584
1230050051403264000
1230050888120774656
1230051005087219712
1230052967837028352
1230053059222548480
1230053060396879876
1230044111144734720
1230045102481039360
1230045294336802817
1230047510498070529
1230052646175870976
1229981500059344897
1229986529906483200
1229986412654661632
1229993854222393345
1229979739454132224
1229983818406408192
1229982294611357702
1229982421304524800
1229982520915218439
1229982883881742336
1229988548767571970
1229990724869017600
1229991065458966530
1229987596715122689
1229979894190350336
1229980439382822912
1229983746352394240
1229989833977794560
1229992108444069893
1229981993758269440
1230227329894506500
1230231429596033024
1230232351390732291
1230226649062486018
1230229581254270977
1230220534316773379
1230231363158237185
1230220675987709953
1230222906396823552
1230224170857852929
1230224469014319106
1230225813058019331
1230227202106691585
1230227270100508672
1230228978495082498
1230231977950760960
1230234051690274818
1230234335170715648
1230227049635291136
1230232406193508352
1230222205570691074
1230222959035502592
1230223978192625665
1230225593792376835
1230228898153189376
1230232095655682054
1230233205615333383
1230233485308284928
1230233800128507905
1230234271018868737
1230234639933026305
1230234711471149058
1230235018359910407
1230235097917526022
1230235499249459200
1230230805970067456
1230224704448933890
1230225215688454144
1230230335901794304
1230231157599612933
1230232848629719043
1230233456652713984
1230234238189854720
1230220514918006784
1230222625592500227
1230225189843107840
1230225217945063425
1230225310077136896
1230226174443388930
1230227903226503173
1230229131389997060
1230229276852703232
1230229700502544384
1230230196780818432
1230230900052496384
1230234683423805442
1230221677646286849
1230224760430301185
1230225433607667713
1230226218013904896
1230229668734939144
1230230715264045058
1230234041451978752
1230224706713853952
1230221631353651203
1230228573123940352
1230220676260384768
1230221438881353728
1230222795868688385
1230223120549564416
1230225773698723841
1230227387977170946
1230230137268064262
1230230688147943424
1230220531594616833
1230223606342389762
1230224658710003717
1230225867323953153
1230227581561135105
1230228652232781827
1230228830075465729
1230232986903248899
1230220590797246464
1230220669469777921
1230221076904521729
1230222520936259586
1230222704512557057
1230224803350634496
1230225304775544832
1230225333716209665
1230225613300158464
1230225682413838336
1230227101120389120
1230227590994153472
1230229528515170304
1230230393850408961
1230230608095383552
1230231609653284865
1230231788980723713
1230232858767364096
1230234105050169346
1230234716684668932
1230234817024884738
1230235477313302530
1230228148740132866
1230235403715657729
1230220551572066308
1230223852510248967
1230225575673040899
1230226438487511045
1230226686727208960
1230226943318142976
1230227427642822661
1230227955084865537
1230228575057596418
1230230332533809157
1230230593792770048
1230231386432425984
1230234867004248069
1230224859550093312
1230224991511367683
1230227507858808839
1230229838356779009
1230232051753922565
1230086320619433984
1230092366796578816
1230092475450171394
1230088682335547392
1230096775500922880
1230084971861303296
1230087132414382080
1230089408373837824
1230090499664510977
1230091291981074433
1230092089440030720
1230092170343915521
1230093692461027329
1230093821368786944
1230094863108124672
1230094885937655809
1230095073825693697
1230095202137911299
1230095586050953216
1230098477398536192
1230099276019195904
1230099281740214272
1230088387974987776
1230088547065094149
1230091044081078272
1230093235378368512
1230096106278858752
1230091289900847104
1230091979582791680
1230096245621956609
1230099489135964165
1230090845593927681
1230086195176247297
1230086419718328323
1230086921499611136
1230087881282248704
1230088230336421888
1230088396195889152
1230088445374214144
1230088612441657344
1230088975626522626
1230090099318304768
1230090230440615937
1230091678284992515
1230092175951749120
1230093058902982658
1230094926047850496
1230095073938989057
1230096011323990016
1230096175094738946
1230085640643076096
1230086205896822790
1230090417280102403
1230090501518483457
1230090729701224448
1230090981078454273
1230091344498044928
1230091361631789058
1230092772444659712
1230092988115832832
1230094156904763393
1230094266405441536
1230094767989678080
1230096063882723328
1230085007575855105
1230085897661665280
1230087664956837888
1230092022712872960
1230092207606112256
1230099136957100033
1230099507041439745
1230097574448762885
1230086445190217731
1230086697565683713
1230087021550391296
1230087870515470336
1230088718578593793
1230090922366586880
1230092072255918081
1230092487034839041
1230094747248873472
1230096476312887299
1230097571819008005
1230099612851167232
1230085108805328897
1230085403048370176
1230088973156077570
1230094762155421696
1230097671106519040
1230087805839249408
1230088902901403650
1230091766772240386
1230097476671156224
1230099630169477121
1230088479868116992
1230090993510363136
1230099596161871874
1230084836536311808
1230085061594275840
1230085223452479488
1230085229269995520
1230085360929124352
1230085733270073344
1230085850786074629
1230085867970187266
1230086231997939713
1230086634093322240
1230086982501404673
1230087184797007872
1230087545293242368
1230087670187032576
1230087870851014658
1230088144030228481
1230088232521674752
1230088791513235456
1230089040965373954
1230089592042348544
1230089679690747904
1230090237709373440
1230090298845466624
1230091521225101316
1230091754222870528
1230093653961347077
1230094360924106752
1230094818405232640
1230094943475175424
1230095803227811840
1230095914263547904
1230096137333374976
1230096930899943424
1230098593643626498
1230098714729025542
1230098790725619713
1230099615925645313
1230086005933445125
1230092916191825920
1230094233207529472
1230094409636700160
1230097258533834752
1230098151287160834
1230206567754207232
1230208970821902336
1230210441999081472
1230205626908905472
1230206499533869057
1230208683939913730
1230213292280467462
1230213478469849088
1230214606594936832
1230217654058745858
1230219744650964993
1230213869269811201
1230216461320359936
1230216532438999042
1230216547668500480
1230216598310522880
1230216616186699776
1230216666723778560
1230216682116911105
1230207302680170496
1230211115029868546
1230211248844918784
1230211571663556608
1230211737397407744
1230212105716092929
1230212513255641093
1230212558335942657
1230212682730614786
1230214979036512257
1230215251481833472
1230216716745105408
1230205676510568448
1230210957206528002
1230211125834326025
1230209829827948544
1230217651156332550
1230218061145366529
1230205641085587463
1230207112258740227
1230211676407988224
1230212865208049665
1230213513487974401
1230214526630539265
1230216909498601472
1230218833106997249
1230219398981603328
1230219780180914176
1230220413327888384
1230207373563834374
1230208130048544769
1230209895162662918
1230210884338900992
1230211718195875840
1230218061854191617
1230220044879134720
1230205987467993091
1230207942328299520
1230218563748794369
1230220295316873216
1230210646588915712
1230212557937561601
1230219706776211458
1230207820009738241
1230206407443697665
1230206708854685698
1230207531940749312
1230211473462452226
1230212173508567041
1230218047258079233
1230218127964803072
1230220259635974144
1230205433719197697
1230206008032727040
1230208274408099843
1230210341293871104
1230211445847097346
1230212322221797376
1230213983275274240
1230205511309680640
1230205861177516032
1230206243270254594
1230206373713063937
1230207352550412292
1230208904379936770
1230209911189057538
1230210635629236225
1230210866915815426
1230211222030766080
1230212065807290375
1230212282250125314
1230212290932301824
1230212511879847937
1230212543748157446
1230213382441181191
1230213717196967937
1230213901347848194
1230214186958979072
1230214803697913857
1230214926372876288
1230215105369006081
1230216127445381122
1230216972291407874
1230217652339183620
1230210111513223174
1230205680767860737
1230206241026248704
1230206976409382912
1230207285252718597
1230207362289545216
1230207491625115648
1230208107374141440
1230208147287158785
1230208168741023744
1230209928608014336
1230209932454031360
1230211166032605186
1230211337831297030
1230213110008557568
1230213167550271488
1230213623051640832
1230214360318038016
1230215590343794692
1230216233880031236
1230216452910862337
1230216740849799169
1230218762143641606
1230219063118516230
1230207141631418369
1230208073089855489
1230211459239444480
1230212879850274817
1230214888024309761
1230078658196447232
1230071035157868545
1230071599681998848
1230073197346873344
1230073314820968449
1230075022745722880
1230075093025513472
1230076377002586113
1230077732568150019
1230078920365682688
1230082307924660224
1230083094675410946
1230083618954981377
1230083924770074625
1230073102765371392
1230077918379941889
1230081517499670528
1230081741014159360
1230074939828555776
1230083494845517824
1230069810966519810
1230069929573076992
1230070235467788288
1230070623977844742
1230071145828900865
1230072523406086144
1230074126234259457
1230074187710173184
1230074499095318528
1230074588031279106
1230074659468726273
1230074666334728193
1230074747037331456
1230074830281695232
1230074900037197826
1230074980442025984
1230075067985485824
1230075181009448963
1230076214762778625
1230076354168786945
1230076481004621824
1230076504899493890
1230076947029467137
1230076965014642689
1230077536677322753
1230077676385427457
1230078512586948609
1230078658561347584
1230078820335673344
1230078977257148416
1230079221302792192
1230079490996436992
1230079566649155586
1230080002865192960
1230080022897201153
1230081054125543429
1230081589566214149
1230081645618790400
1230082400031531008
1230082664373288960
1230082888164683776
1230083262887886848
1230083652773646336
1230083898585047040
1230084207285866497
1230084223836606464
1230084265972551680
1230084295760523264
1230084563512197121
1230071287474802690
1230073115541155840
1230073523558846464
1230073564990234624
1230073675396726785
1230073713485324288
1230074414030561281
1230074466807447552
1230075164123172864
1230078551589871617
1230083173696069632
1230083509512998913
1230069826380587009
1230070268590202880
1230073052886638596
1230076197968785409
1230078865873260544
1230080004488384512
1230070526845935616
1230072135567204353
1230072222456438784
1230073311612284929
1230074408875765760
1230074649813319681
1230076373819174912
1230079510374240262
1230079929431339009
1230080238299877376
1230081234417704960
1230082832325861376
1230083382559858689
1230079018315153408
1230081891405123585
1230083331087355904
1230083851180965888
1230070521221582848
1230071989408276480
1230072975845732353
1230072994208321536
1230073627913093121
1230074192659394560
1230075175217115136
1230076292294467586
1230077674082709504
1230077966081765377
1230078437425106945
1230080375508082688
1230081909587431425
1230083918164037634
1230072308271865856
1230075945798832128
1230071698193616901
1230069624739389441
1230069782399127552
1230070538363518976
1230070900885721089
1230071341791023104
1230071775800823809
1230073832049987584
1230074709947142144
1230074789567647745
1230076611594248193
1230076673875435522
1230076740267102208
1230076936824721408
1230079000074227712
1230079357814804481
1230079431580016646
1230080439190216704
1230080760725606401
1230082536963018753
1230082846510981126
1230083181933711360
1230083430949556225
1230083437467488256
1230083593155813376
1230083662382878720
1230084339473539079
1230084521258897408
1230084602154430464
1230070504016535552
1230071246827720704
1230071683391934464
1230073778195091456
1230080539115147264
1230083085925933056
1230161553367937024
1230167653224009730
1230171617680121863
1230173687074185217
1230160970087043073
1230161480710004736
1230163764890218496
1230165356184031234
1230165480268320770
1230168648955899905
1230168653632548866
1230168721823535104
1230168791251869701
1230168864929042433
1230169063734808576
1230169129522520064
1230169375245766657
1230169430505742337
1230169637435908097
1230169868579856384
1230170310453997570
1230170822456696833
1230172489688502277
1230173820687921153
1230174802922655745
1230166077931388928
1230171597912317952
1230172840109932544
1230161425068437509
1230162667119267841
1230162834404802560
1230162988323266561
1230164797628567557
1230165978375426049
1230168300363091968
1230169868315561984
1230170280984797185
1230170497327026176
1230171370514001921
1230171642720083969
1230172285308461057
1230172782673190914
1230173513908133889
1230173766409388034
1230173778698809347
1230174341054246912
1230160933265248256
1230162151635128321
1230162371575984129
1230163175288528896
1230163471276421121
1230163632811540480
1230165131084095488
1230165916194832385
1230166571412226048
1230167372071391232
1230167437439533056
1230168732221235201
1230168790798946304
1230169663696506880
1230170097102282754
1230171216004177925
1230171365539446784
1230171771552194560
1230173017931681793
1230174209189535746
1230174804810125315
1230162219930935296
1230165630910947328
1230166326305546240
1230167546785079297
1230167943146868737
1230171896584560640
1230173587773980673
1230174049063624704
1230174515520516096
1230163465999978500
1230160222582452226
1230172942421708801
1230163565547597824
1230166038802649089
1230166791726321665
1230167897504436229
1230169453754822656
1230170131927572481
1230172207948685313
1230173799515119617
1230173922764738563
1230168915814297600
1230160184061898752
1230160535641042947
1230160574576758792
1230160614233952258
1230160763756609536
1230161337105440770
1230161745441894400
1230162056445386752
1230162150032904194
1230162477859688449
1230163308751327232
1230163481262993409
1230163691284451329
1230164264448667649
1230164538517004288
1230165373984612352
1230165647289716737
1230165836930920448
1230166089511899137
1230166206730076163
1230168776143966208
1230168999503257602
1230169846987546626
1230170681607950338
1230170736645595138
1230170808502378498
1230171640904003585
1230171863764131843
1230172384998588416
1230172554414972928
1230173022398668802
1230173152820502529
1230173556035772418
1230173588512288768
1230173935402127360
1230174102322892802
1230174687864463360
1230162047373127680
1230163698452439040
1230161459864383489
1230161831039250432
1230163392905740290
1230163805440598022
1230163812529168391
1230163825267290112
1230163974215348225
1230164331649806336
1230164700698157058
1230164978524655624
1230165406092013568
1230166303551508482
1230166667147259904
1230167001869570049
1230167403776139269
1230167509984305153
1230167647523950593
1230167656701014018
1230167892366385153
1230168072511725568
1230168317173870593
1230168515547668481
1230168716941365248
1230168923586400256
1230169214603886592
1230169342031036416
1230169641999327237
1230170781679849475
1230172519019286529
1230172805838393345
1230173643067535366
1230173724227362817
1230174105200140289
1230174264512434176
1230174689030524928
1230174909084635136
1230175075720187904
1230165487683764225
1230165878077116416
1230167307961413632
1230167594986037251
1230172003656708096
1230172324336304128
1230173915705683968
1230174248188207106
1230174885558865922
1230185754669789185
1230185947519766535
1230186495459364864
1230186556624973825
1230188251199234048
1230178973407236096
1230189883270012929
1230179557866688515
1230175614432313344
1230176457353256960
1230185070301995009
1230186125467279360
1230186434801344515
1230189772032872448
1230180271493992450
1230180836739293184
1230181136803991554
1230175930171174912
1230176209285320705
1230176320614752256
1230177202479730688
1230178613355536384
1230178855132024832
1230178970483806213
1230179336289947648
1230180328062492672
1230181138121076738
1230183355712405504
1230186594738401280
1230186610211336192
1230187533105029121
1230187566181298178
1230187891340533771
1230190083766128640
1230182218020085761
1230185292646105089
1230181365947211778
1230177177942941698
1230177608706461696
1230177684270927872
1230182972223086592
1230184563533631488
1230187573437489157
1230188820680892417
1230188822631194624
1230189073198915584
1230175635294871552
1230176291418263552
1230180436393046020
1230183406883004418
1230184631632384001
1230184646522134528
1230186062015868929
1230186227468513280
1230187123636080641
1230190022579642374
1230190138959024130
1230176733707591688
1230186348163796992
1230187270759690241
1230190195514826753
1230183350423445504
1230187149590507522
1230177236243931136
1230177714293923840
1230178514944561152
1230178611799502848
1230184705615634434
1230179174486286336
1230181089655783425
1230186380573184001
1230188017593307138
1230188525875802118
1230189442427650054
1230189620907978765
1230189662586703873
1230190122085146625
1230190205057085440
1230181106877706242
1230183847234588676
1230187206939201536
1230175284109938693
1230176596029517824
1230176863663935494
1230177500929634304
1230177630105849858
1230177675320463363
1230177900390907915
1230178087096274944
1230178511643652098
1230178613753978880
1230179375586463744
1230180030434742272
1230180132075139072
1230180595352899585
1230181644289609728
1230182213788016643
1230183165119127552
1230183775545499653
1230184335237689344
1230184363368865793
1230184742957518848
1230184922775793664
1230186086762270721
1230186285979119617
1230186485476921344
1230187218054111232
1230188372263612417
1230189216589647872
1230183691789402112
1230186450945114114
1230178316298137602
1230183075147141122
1230186612874792961
1230186883738750979
1230176482447757317
1230178945389277185
1230179405466677249
1230180504667906048
1230181910317555718
1230182551614083072
1230183484863459328
1230184063543238658
1230185033849298944
1230185451451035648
1230185708637360128
1230186202864726023
1230187273959944192
1230187588100722693
1230187614365417472
1230188420577812480
1230188496826118148
1230177146485792769
1230178984681279488
1230180190858424322
1230182165058592768
1230182792019021824
1230184320314335233
1230185265475543041
1230187097270751234
1230187178245967873
1230188723528241159
1230099953051164673
1230103079518908428
1230103767154122752
1230105438693330945
1230107271155372032
1230108663404212224
1230112327204311040
1230113637689438208
1230113795567235072
1230101310025891842
1230112277199835141
1230099714650984449
1230099841130344448
1230100070256840709
1230101867310571520
1230105001449676801
1230106168636432384
1230106313121767430
1230106862986649601
1230107521651638272
1230109230205743106
1230112881536110592
1230113463520964614
1230114299852488710
1230114308501262349
1230101533905293312
1230102648608772096
1230110830705901569
1230106988836769792
1230107926523785216
1230114597136404481
1230112622130933760
1230099802605654016
1230102385411940353
1230105137600921600
1230108746552049665
1230110235001573376
1230111158520119296
1230112201144520705
1230113282083708929
1230114396724244480
1230099787661312000
1230102244521058304
1230102765176786944
1230102931015372800
1230104110541742080
1230107382576971777
1230109073443622914
1230110349497634816
1230112060991733760
1230101228346060806
1230102604786610176
1230102676584706048
1230103498882191363
1230104000680353795
1230104851876655107
1230107429029007360
1230109380135333889
1230109733945847808
1230110060476588033
1230110141401518081
1230111744443461634
1230112816809553920
1230113901968338944
1230114062769500160
1230100911642595329
1230103536584839168
1230103557325688832
1230103772187127809
1230104086697123840
1230104589489385472
1230105536563236864
1230105815077523456
1230106270805327873
1230106744237559808
1230111879583981573
1230113440477466624
1230114041823203328
1230114437534822406
1230102262082613250
1230102324850368513
1230104684473528322
1230108636267130882
1230109292583358464
1230112386717278209
1230112832215224325
1230112897566756865
1230099952753422336
1230104629771407360
1230104789402476550
1230106952077844481
1230107107195789313
1230107499174469632
1230107533152530432
1230113277369356288
1230114100992184320
1230114565725265921
1230100736966643712
1230101109722628097
1230103963330076675
1230110087743754242
1230104829562957824
1230108227410505730
1230113000306225152
1230099963612475392
1230100015663796225
1230100078544793611
1230100078771212290
1230100079480049664
1230100192499785732
1230101190232465408
1230101725652168704
1230103740927152129
1230105401502392326
1230105551830470657
1230105988260343810
1230106533159227394
1230107187537731584
1230107659656888320
1230108252811268098
1230108572408799234
1230109134206504965
1230109651557081088
1230110113668706304
1230110576883490816
1230110973727531013
1230111378779901952
1230111388116377601
1230111933111685121
1230111943207325696
1230112067736219649
1230112288239214593
1230112607291543553
1230112618431553536
1230112905296797697
1230114188183339008
1230101972793135104
1230104111770677254
1230108638842241024
