1227774257314369536
1227762545689350145
1227766729712922625
1227767873147416576
1227771264779083780
1227766658032422912
1227772357726658565
1227773782472953856
1227760435111305217
1227763963246579712
1227761327843762176
1227762551792054273
1227769624915255296
1227760682046775297
1227763040889733123
1227771170725998593
1227910338798063617
1227911487106244613
1227916373076140032
1227916607776788481
1227917901371453440
1227919251970895872
1227920788252172288
1227920957635006464
1227921982790000643
1227924094320087041
1227924295533449216
1227910342333927424
1227910407224004615
1227910893217906694
1227911496044351489
1227912123331809280
1227912465977090049
1227913725904146433
1227914578291494913
1227914983239012352
1227915746241646593
1227915787811328000
1227915923660693505
1227916180222103552
1227916589506449413
1227916844335427584
1227916951378366464
1227917135772573696
1227917457127550976
1227917557111410688
1227918302363688960
1227918558560215040
1227920474954518529
1227921293502287874
1227921982286684166
1227922750456549376
1227924285844545536
1227924518095773696
1227925358495879168
1227919500915478528
1227911010360709121
1227913240044359680
1227917776666419200
1227918581033316352
1227920710217207808
1227912370523115522
1227919248661544960
1227919320740749313
1227922317445038080
1227924284674334720
1227924614057205760
1227924746727235584
1227925295312842752
1227918286156857344
1227911612117454849
1227912972686811138
1227923498926034944
1227925029234581505
1227925130447400960
1227910374646829057
1227910776863756288
1227911155416522752
1227914080050171904
1227919699868033025
1227921347902308352
1227922874595467265
1227924198523314183
1227924546319212544
1227924577638023169
1227910702117085184
1227911721320407040
1227911978796113923
1227912600706568193
1227913130828795904
1227913257312292866
1227913391907516418
1227914980848173056
1227915971828035584
1227918761824485377
1227922343500144640
1227922634530263042
1227922801488809984
1227923233065795589
1227923482098491392
1227925295069569025
1227922421883293698
1227910573855268867
1227910659771392000
1227911516982251521
1227911568849068032
1227912127727443969
1227912663537082369
1227913316447555586
1227913856703397888
1227914340910718976
1227914443461361665
1227915254753112064
1227916091902525440
1227917482364690434
1227917819045646337
1227918288887349253
1227918417572827136
1227918421230309377
1227918598808723456
1227918999016681472
1227919635183554560
1227920237464559621
1227921500306595840
1227922123533848576
1227922836502781953
1227924094433320964
1227911028987527168
1227911180641095680
1227911538364817408
1227912046529912834
1227913603233337344
1227914101369769984
1227914724165246978
1227918737464057856
1227923860252700673
1227918778689839104
1227918791427993607
1227919858802790402
1227921486469619713
1227921836656283649
1227922308368683011
1227925144582180865
1227915384810098688
1227913007335985152
1227910733813501953
1227921329246044160
1227910935546908672
1227912314361241600
1227912643819773953
1227913432814563333
1227914431738368001
1227914516459028480
1227920102626123776
1227924218588925952
1227914331410616320
1227916331711946753
1227918662796902400
1227919561854537728
1227919670235344896
1227920666567024642
1227920843000467456
1227923482635362305
1228081587599876096
1228082830393184256
1228085778678505472
1228086963959422977
1228076497916878848
1228077549856710656
1228078429578420230
1228079923803222016
1228080182629629955
1228080318365786114
1228081651722399744
1228081698451181575
1228084598799818752
1228085569349128195
1228090183905665025
1228081231583236099
1228081251170553862
1228081852080173058
1228085733753270275
1228080105123127299
1228080400775438344
1228081372293627906
1228089055440703489
1228083665185341446
1228076720131117057
1228083912309706754
1228089189419421697
1228077176664227840
1228077311150501896
1228079257051631617
1228080420056637440
1228087102342074369
1228078975228030978
1228079428342812672
1228083752670302216
1228079337620037637
1228082263071633408
1228085151764295680
1228086909911674885
1228090660902887425
1228080683639328783
1228081108413222912
1228082440939413506
1228083817065451520
1228089265642446850
1228089506701725696
1228090022995398656
1228079687009816578
1228080108814192641
1228081586773647366
1228086761089359873
1228076747662471168
1228076484218191878
1228078115148136453
1228087455301148678
1228090831770472448
1228076390601367552
1228090370296295430
1228091405861638144
1227747901977350145
1227758463444553730
1227745442617810945
1227753037533458432
1227753638728093697
1227756482030075904
1227744847030865920
1227745128514801665
1227755601939353601
1227747047761174529
1227749354657779713
1227751775576436736
1227752794402234373
1227753269142999041
1227758926042714113
1227746241091710977
1227749348676517889
1227751900050751488
1227753558105301005
1227753700875214848
1227754534207918086
1227756633272520704
1227752745303756801
1227756948986032128
1227748529071906816
1227819831250083841
1227819868612964352
1227822386583670785
1227829370988978176
1227829180190089217
1227826514026270721
1227827154857136128
1227829808031313921
1227830713971597312
1227831219246813184
1227833499870224384
1227833837352144896
1227834708781916160
1227829429302448128
1227834475360509952
1227822013982658560
1227833017709858817
1227821410741030912
1227823089888612353
1227825521540685824
1227820949380182016
1227821244344565760
1227825775442829312
1227825822876209153
1227826934199050241
1227827377616478208
1227832044207661056
1227833854427369472
1227833929232678913
1227821727469707264
1227827477034213381
1227828484225032192
1227827589273849857
1227829822669381632
1227830024109219845
1227823097991979008
1227821129898889217
1227826864313569281
1227833528878010368
1228047924615090176
1228051137950957568
1228058455077986305
1228060922746462209
1228061177240018944
1228046360961785862
1228046258251685888
1228046263045758977
1228046807931990016
1228049211381428224
1228051177285341184
1228052174342676481
1228054253224284167
1228056474812899329
1228056796318793728
1228058326560366595
1228050960234303489
1228051934411677696
1228051004287000577
1228052462160011268
1228047055475613697
1228047626433630208
1228053514317959170
1228053874218545153
1228054156923023360
1228058491732058113
1228060175908601863
1228048915309776900
1228049115155701760
1228049563099029508
1228052463292493824
1228054754854567937
1228058341328478208
1228046874747310081
1228047110844690433
1228052067635400704
1228054811834277901
1228057338990530563
1228058813720383488
1228061251294650368
1228056848563134473
1228047534658146309
1228052920622604295
1228053087136382976
1228054125503488001
1228054406697975811
1228054737653620736
1228054883317755904
1228055779036585996
1228056543880503296
1228057550765088768
1228058005738053633
1228046706622767105
1228050327225667584
1228050484109434889
1228050622844473345
1228057225912037376
1228059210526658560
1228047549682135040
1228048173849071621
1228048983257473024
1228050893544787969
1228052022064230402
1228053058975936512
1228053064344637441
1228061161842761737
1228060834422808588
1228049707269644288
1228060514976247809
1228046257823899654
1228046266766065664
1228051978472869889
1228055386672029706
1228059176552796160
1228060025509339152
1228046364355039232
1228046871618301952
1228047570343268352
1228048856392327170
1228048962822791168
1228052967355506690
1228059284082216960
