1227216649138450433
1227218101348990977
1227223190201602051
1227224265939963905
1227224447993683968
1227225120751706113
1227225475434647554
1227229822755065856
1227216256002072576
1227216388273639424
1227217832288694272
1227220399588507648
1227222336363016193
1227223446658146304
1227223487414185984
1227223774224900097
1227223784387534849
1227223791891169281
1227224319069216768
1227224425461944320
1227224516507709440
1227224525885988866
1227224531695263744
1227224887955279874
1227225664631140359
1227225999537995779
1227227069387595777
1227228267503128582
1227228293801431040
1227228872934031360
1227229979219546112
1227230315640430592
1227230441008181248
1227216049915015169
1227216316576260096
1227217726177005568
1227225075658698753
1227221397430317056
1227225091689385984
1227225161130291200
1227225436574363648
1227227748323774464
1227230087818420229
1227218287135772673
1227215882545487873
1227216054583164929
1227218770101460992
1227218797163053061
1227219066877771776
1227219207542255616
1227220921292918785
1227226091724722177
1227227290309943298
1227228052767346689
1227217837984448512
1227219763396567040
1227223591546212352
1227225696252112897
1227228716897652738
1227229281757147137
1227229632891482113
1227229949981077505
1227230296657088512
1227230572264804354
1227216014993248256
1227216603772858368
1227216791992197125
1227218001209982980
1227218158253232128
1227219882619686912
1227223767513993218
1227224083005394944
1227224357262495744
1227224731620904962
1227224752005275654
1227225833514946560
1227227057731624965
1227228646475288577
1227228865426268160
1227229261297307648
1227230758336696323
1227224022959755264
1227230509568274438
1227217506072440833
1227217777477521408
1227218212439412737
1227218650500935680
1227219430297473024
1227220781299634178
1227220802992517120
1227220984119406592
1227220991606169602
1227221360289730560
1227222009219702785
1227226957718458369
1227228426244771842
1227228517747826689
1227230790494359552
1227216086778687494
1227218593844207616
1227226139258769408
1227229911305400322
1227219042634752000
1227220921351626752
1227224668928708615
1227225309319135233
1227225477892526086
1227226786494402560
1227226944271507456
1227227005533511680
1227227132465684491
1227227692535369728
1227228176268562432
1227229415618289669
1227230006801321985
1227230063017459713
1227230288603992064
1227230736433979393
1227215713816977411
1227215935087501312
1227216929443676160
1227217878904119299
1227218159553437696
1227220315434033153
1227222775062056960
1227222913331400705
1227222982885597189
1227223068696809472
1227224068639862784
1227224577090211848
1227226533087109120
1227228766965026822
1227229229311496192
1227229854158000128
1227230088699224064
1227215931274907648
1227216715966185472
1227217081915117568
1227222086168596481
1227223504975736832
1227228191548420097
1227228522625806336
1227229700931670022
1227354871034150913
1227363155732549633
1227351857166766082
1227353642551869442
1227353999734603777
1227354471262498818
1227356121180012546
1227360299759566861
1227352631422717953
1227352836394160128
1227359971999932422
1227360436410093569
1227360811615739906
1227362319929421831
1227364144179011588
1227363687062757377
1227353523786002432
1227353033601929216
1227356631010287616
1227359447233826816
1227364876139540481
1227365366042648582
1227366483283628033
1227352886134398983
1227356300750807041
1227356492543791104
1227362272655413248
1227362737820438535
1227359738901471234
1227356196698456065
1227356837160185858
1227357182578040832
1227359025739767810
1227360270546284547
1227363533035393027
1227363843573256192
1227364771902738432
1227364963863482370
1227353065453506560
1227358903014428672
1227352507489411077
1227360562541142016
1227356144261353474
1227353368382885891
1227355623907569665
1227356652111908865
1227356695816556545
1227356862217105426
1227357020455608320
1227351915979251712
1227352214945116160
1227355733949341696
1227357133739569152
1227357235887722502
1227359862876704769
1227362820343422977
1227365279216349184
1227365324896526336
1227034854170202112
1227042586130616320
1227043618084409344
1227044154154287105
1227045063383015424
1227036839372042241
1227034675622879238
1227048400631324672
1227037618187177984
1227044152619261957
1227046247233658882
1227037594338418688
1227043706714324992
1227043884527693824
1227044943136460810
1227034715670155270
1227035911004852224
1227041352690651136
1227043889418248193
1227048115468828672
1227039898978398213
1227044991178084352
1227047620188786688
1227037569269063680
1227038135072280576
1227044168092016641
1227185771611906049
1227185782978420736
1227187112539230209
1227187663263932418
1227191548242251776
1227192778456752128
1227193054848856065
1227193209845100544
1227194138711535617
1227197046064603137
1227199042494615552
1227200463604461568
1227185645774307329
1227185947239944192
1227186250660171781
1227186626725629952
1227187766934503425
1227187997323538432
1227188729867010048
1227189318877351936
1227189377283088384
1227190588648443905
1227190985710501889
1227191061845549057
1227191904342888449
1227193115116785664
1227194075725647874
1227194081685712896
1227194349278154752
1227194415128760320
1227194710617280512
1227194737737838592
1227195125786382336
1227195331269537792
1227195450635280385
1227196252632293377
1227196812144074752
1227197552388431873
1227198205038931968
1227198524602880002
1227199453108559873
1227186910373675009
1227187256202579968
1227188268304871424
1227200306729095170
1227186393992040448
1227186602738360320
1227188647235067904
1227190518599290882
1227191155827380225
1227194968730689536
1227195180731830274
1227196485667782657
1227197188016660480
1227197694638161920
1227198627283718147
1227199278248013824
1227194223625154560
1227195804315717632
1227190053237067778
1227197063294783490
1227199841912180736
1227185641596825600
1227186878023073792
1227187642556653569
1227188587264868353
1227189190800134144
1227189299185012737
1227189677381373953
1227189725372583941
1227189862924726273
1227190278076891137
1227190649771843585
1227192776707706880
1227194876665696256
1227196280042074112
1227197974872305670
1227198017192812544
1227198303806382082
1227198712147062785
1227185582662615042
1227185596566843392
1227186338954346497
1227187341904748545
1227187735720595457
1227187880306597889
1227188076444819456
1227188978786369542
1227189130456633344
1227191944637489152
1227194752199688197
1227194837272756224
1227195316501467136
1227195995068469248
1227196884130902016
1227198726164418560
1227199021896343553
1227185876725313536
1227187118889459712
1227187211994619905
1227187413040021504
1227187840762753025
1227188993730600961
1227190407609671682
1227190611226353664
1227191657927446528
1227193720111583232
1227193721382412288
1227194657286819843
1227195067674304513
1227195082736128000
1227197425238102016
1227198424761741312
1227198470475350016
1227199490983157760
1227186799338033153
1227188361221300224
1227193082476711937
1227187514592632832
1227191799015518208
1227194622260260864
1227196379702927360
1227196919778283521
1227197553005015040
1227199125495730177
1227199411899465731
1227200068039696385
1227185584080179200
1227190668558245888
1227195685012934656
1227199199458058241
1227187358098956288
1227191822918676482
1227196725909184512
1227186212802310147
1227186276354478093
1227186378963931136
1227188303662899202
1227188473188233216
1227188592092553217
1227189073401581568
1227189298606198784
1227189558598684672
1227190761030144000
1227191509218447368
1227191649048068097
1227191822650347520
1227193334466215936
1227193507359666181
1227193532827480064
1227196851494977536
1227197850020438018
1227198268721049601
1227199213542526979
1227199714250182656
1227200239246942208
1227200501076385798
1227028808114593794
1227033005547495431
1227021189270396928
1227034462334181376
1227019635372982272
1227027525093744640
1227020730619088896
1227020877080014851
1227024106060644357
1227025527246118912
1227032092372078594
1227025487760941056
1227026168563544070
1227026487187996673
1227030588630151168
1227031102012952579
1227032698679590913
1227034206586490881
1227021033368162306
1227021215644123136
1227022873518387201
1227025255505383424
1227026555093823489
1227027492256600064
1227027925725302786
1227028634583609347
1227028954168614914
1227031822174846976
1227032480953307137
1227033314160193537
1227034004668526593
1227034290669617152
1227025916167118848
1227028805757415426
1227026984967929858
1227027996181237763
1227127319501905922
1227130148216082432
1227130289522081792
1227130654695084033
1227135337350258689
1227136227553533952
1227137250238062592
1227138061567479808
1227138841288507392
1227138940282515456
1227139294613168128
1227139394542411776
1227125200401108992
1227126370221740033
1227126596538130432
1227126689265803265
1227129722791964674
1227129977763770368
1227130713255882752
1227131383623114753
1227131651735588865
1227132577632395264
1227133642641727489
1227135435811500033
1227136078949371904
1227136538313658368
1227138102319251456
1227139526524624896
1227139716262322177
1227127629704302592
1227137330709843969
1227138690692063233
1227137505188814848
1227133125538590720
1227133849538301953
1227133932694581248
1227133942001737728
1227134811807989760
1227139373008850945
1227126139438714880
1227126345358041088
1227126483770015745
1227127567590862848
1227127761891921921
1227128001667702784
1227128419684622339
1227128517965549568
1227130771443519488
1227133314152173570
1227133371689644032
1227138097420394496
1227125263860928514
1227125544803807236
1227127344944467968
1227129458479464448
1227129477240627201
1227130661322067968
1227131156643995648
1227132532589780995
1227132810407940096
1227136666361573376
1227138193851658241
1227138896292646912
1227125800710832130
1227126882656645120
1227128904193912833
1227129452712398848
1227130211973685248
1227130616061267970
1227130981620092928
1227131424748245013
1227132548192571392
1227134527786627073
1227134626994544640
1227134651006844928
1227135479486861313
1227137459051520000
1227137637208727557
1227138145474490368
1227139026169270272
1227139958902837251
1227125135112536065
1227132504492126208
1227133536274087936
1227136961611280386
1227126200889462785
1227127655654449157
1227127813423190017
1227129164035248129
1227130648076410882
1227132123997507585
1227133590531649539
1227136812319154176
1227136965469966336
1227140113169338368
1227125659169959938
1227128249521754117
1227128252667486208
1227132080146046976
1227134086013227008
1227138699164553216
1227139723715432453
1227125811456696321
1227128342568226823
1227128508826124288
1227128610462556161
1227129975670743041
1227130570964119553
1227131538703339520
1227132361965522949
1227134689992900608
1227135722370584576
1227135766939172865
1227136911883501569
1227306429788426241
1227306915396509697
1227307424660512774
1227308407939649537
1227308733883191298
1227308987420422145
1227310011468124163
1227312528218378241
1227314003535433733
1227315037829828609
1227317454487027712
1227317659466899456
1227310034306174985
1227316690482008066
1227319074373472256
1227321227276115968
1227317383855058944
1227307096997335044
1227307200445546503
1227309657787637769
1227310926640140289
1227312872071540738
1227313991564828672
1227314741389021184
1227315721673285633
1227316472759947265
1227318613880770560
1227320866897383424
1227321329856241667
1227311017748836355
1227317174378881025
1227317579686895616
1227307428351442945
1227310384870297617
1227314165032853504
1227318129103118337
1227318401896452099
1227312918842220546
1227313854503440384
1227312831038619659
1227314599298584577
1227319336030830601
1227319730048053249
1227314323573366790
1227312813493932032
1227316114042036227
1227316416283541507
1227316785327886337
1227317075573714948
1227319201439920137
1227320001935368195
1227320677033824258
1227306574953230337
1227307096821161987
1227307378720354312
1227307944452218880
1227308435563302912
1227308446736900097
1227309008459051011
1227310431531937792
1227310658196295680
1227311010329047040
1227311963727855617
1227312997971976192
1227313139655598082
1227315126426120201
1227315985528565760
1227317694409695234
1227319696753602560
1227319821458690049
1227319941210288129
1227320541545144323
1227320758688452609
1227320774735863809
1227306453729447936
1227307174155751432
1227307651404574723
1227307807269171200
1227309063706497025
1227309208925822976
1227311398260224007
1227311546977726464
1227312347322232833
1227312507007705090
1227315265471500292
1227315379531386883
1227315425807142912
1227316760489185281
1227318359236251650
1227320848102690818
1227307085555216384
1227310815772073993
1227312635714195456
1227314745662939136
1227310671475417089
1227306538504683520
1227317391174098945
1227306418409287681
1227307276299624452
1227308526218903569
1227309170698981379
1227309460437295106
1227310230272430080
1227310735799312385
1227314454255357952
1227316475855278081
1227316562790699009
1227316633275858945
1227317660616200192
1227318546960715778
1227319157487734786
1227313059686907906
1227314878500741121
1227306852003831814
1227306893854593029
1227308577410420740
1227309660480425984
1227312742152970241
1227313523962925056
1227314522454667264
1227316209038888961
1227316726607630337
1227316768630345728
1227317226602160128
1227317670141407243
1227318414353588225
1227320647677812743
1227320687746048000
1227320944672280580
1227307310793580544
1227315339953831936
1227306972711653377
1227314712473481221
1227318123956707328
1227317310228246530
1227308816909377536
1227312929554542593
1227315648746971143
1227317455548297218
1227320997067489281
1227306971977658368
1227307035101974528
1227307114353352707
1227307239704276993
1227307625009864704
1227308783862456327
1227310743990755329
1227310776429490180
1227311492531458050
1227313052229537794
1227313732965060615
1227314725073059841
1227316314521395200
1227318025113743363
1227319556147961863
1227232271842893825
1227238303373508608
1227238455777755137
1227241360719114241
1227242906873843716
1227242996086779904
1227243299599089665
1227242004381237250
1227231146104311808
1227231448383528960
1227232021262585857
1227232579234992128
1227232848542699520
1227233775752556547
1227234761795624961
1227236184272887808
1227236196134391808
1227236833093877760
1227236856003059713
1227237086480171008
1227238278299963392
1227238509746040832
1227238653753098240
1227239535584497667
1227239872261263360
1227240218094231552
1227240621577891845
1227240847436943361
1227241076261416962
1227241693050630145
1227242530816741376
1227243104043819010
1227243408697094150
1227243777019920384
1227244062857625600
1227244430102417409
1227244481310838790
1227231440259223552
1227243421485670400
1227243820443672576
1227244689901813760
1227245673373933575
1227230854197448704
1227230930282188801
1227234446052659201
1227234930440183809
1227236399692288000
1227236591334285313
1227237279296520193
1227237423521779714
1227237768318705664
1227240960368750592
1227241181592948741
1227243825736962048
1227245151078223872
1227245237338165249
1227232216410918916
1227244085418831872
1227231958545182722
1227235165077954560
1227242876112900096
1227242953069879298
1227231262252859393
1227231786335379456
1227232865328488453
1227233348747235328
1227235401942945792
1227236369304518656
1227236752064012290
1227236763707617281
1227238878974603266
1227239465145384963
1227240811479191557
1227243405727666176
1227244740459945984
1227245206900097024
1227245712724893696
1227231544672227328
1227231559335514113
1227231730073063425
1227231848088178689
1227232936929431553
1227234583760003072
1227235177363070977
1227235536496209920
1227237906194018305
1227238019423514624
1227238278094409728
1227239763217768448
1227242150414442496
1227230987366649857
1227231710330392582
1227232030641004549
1227234239478935552
1227235166390587392
1227235201232900098
1227235891044868097
1227236008971898881
1227236939096440833
1227237507428782089
1227238864647053312
1227240315989311490
1227241576931311619
1227241906435813382
1227244398993453056
1227244477808611329
1227245663722754055
1227232171687137283
1227234490969358338
1227240519593426945
1227243699064778752
1227231060758540289
1227232092590891012
1227233364152852480
1227234072256303104
1227234584485601286
1227234803944169477
1227234880033083393
1227235760723591169
1227235901480280064
1227236004961980416
1227236166216429573
1227236259510222850
1227236940916936706
1227237395914883075
1227237446703820802
1227237495865167873
1227237786454913024
1227237852179615747
1227238138998919168
1227238435846443011
1227238779859062788
1227239520048795648
1227239921145929729
1227242603281649667
1227244683329404929
1227231236843806722
1227232821963632642
1227233940097961985
1227245635428134912
1227230815546986496
1227230892961271814
1227232880541208576
1227233853888237568
1227234039993597952
1227234715435962369
1227236994759188481
1227237963773251584
1227240938818289665
1227241486275596292
1227243178283061248
1227209077949943808
1227203782905225217
1227204019061391361
1227204447945793538
1227205183395987456
1227206158051528704
1227207101803458561
1227208369968222209
1227208384493031426
1227208435776860161
1227208540533686273
1227208629700440066
1227208804972011521
1227210046825811968
1227210686427693056
1227212140395794432
1227212681310089220
1227213710805962752
1227213820860469248
1227214082887110657
1227214162402607105
1227215114761330688
1227207674246422529
1227209142911275008
1227209547271622657
1227209549662343173
1227209729304354816
1227200858108186624
1227200968703594496
1227204773272838144
1227206681119150081
1227208714744188928
1227214956032090112
1227214980954673152
1227210073392533510
1227209450806808576
1227201147468906496
1227201615083511814
1227202501532954624
1227202738485940224
1227204904227348480
1227206614840729607
1227206781442678789
1227207899665117185
1227208082050211840
1227211494401695744
1227212032862310401
1227213366466351104
1227214059885518848
1227201651418771457
1227202060619218945
1227202381831602178
1227202448361697281
1227203421557661696
1227203618484432902
1227207231801827328
1227208323868610561
1227209402865848323
1227209611020775424
1227209671137746944
1227210370407944193
1227211191354707974
1227212527051907073
1227213721447079938
1227213755358089216
1227214903477403648
1227201014018772993
1227201643177021440
1227203411373850625
1227203545214201856
1227204949299388416
1227205534673199107
1227206628346408960
1227207481593606145
1227207732438216711
1227207831516045312
1227209277603041280
1227211163836059649
1227211287807057921
1227211696055472128
1227213232747819008
1227213760131141633
1227201341849833472
1227205693356290049
1227205957387784197
1227207400387760128
1227208025716514821
1227208358693949440
1227212996415492096
1227214979901743104
1227203166149758980
1227206772714332160
1227200716533571585
1227201263135338496
1227201915475419142
1227202142252994561
1227203985469251584
1227204185537613824
1227204845721006081
1227204904516612098
1227204988860092416
1227206161633566722
1227209008542556162
1227211057162268674
1227211322229690369
1227211503482396673
1227213267963125760
1227210633197867008
1227204291691192321
1227210920574816262
1227201384891633665
1227204675293843457
1227208028392480779
1227208995678670848
1227210767512096773
1227211738208178176
1227212270763151360
1227215361449308160
1227205598174994442
1227210764970319872
1227212684527046657
