1229527189118431233
1229528778990407680
1229537343754862595
1229538407786958849
1229525967162499072
1229525969003778054
1229526484815163392
1229529385298006017
1229529419112472578
1229529931211735040
1229531570526212096
1229540922595184641
1229526387075231745
1229535496537300995
1229526837765734408
1229528426744307712
1229530653613531136
1229535312457629701
1229535587285241861
1229536802433851393
1229537677709582336
1229534216028852227
1229526329349070849
1229526620794286080
1229526730131623943
1229529114362642432
1229531428804874241
1229533154563837953
1229533626854932480
1229533687018029061
1229534347159580672
1229535548102119424
1229536137821204482
1229540285547470849
1229527227294986243
1229527704246136834
1229528223412826117
1229529745999699968
1229530661893148673
1229530841073713152
1229531972508291072
1229532719669010432
1229532744734081025
1229532922295836673
1229533615840747521
1229533973841186816
1229537658650710018
1229538631293030401
1229539294206922756
1229529835594227712
1229528586283077632
1229530211257069569
1229534233590255616
1229539151936212992
1229530281268432897
1229527826224775169
1229530413800005632
1229533136045985793
1229533223664996352
1229538700310274048
1229539940876406785
1229525993171378176
1229528760153755650
1229529928246480896
1229530240126476289
1229534168457056259
1229534911461285895
1229527414654500867
1229528996481818626
1229529469091708928
1229530020948987904
1229530116767854593
1229533647117660160
1229534128019779584
1229534460246478849
1229535892651618304
1229536325914759170
1229538137032056832
1229538680747982851
1229539392504594433
1229539880402857985
1229533437779857408
1229538772074868738
1229528085101449224
1229528154882093057
1229529280260059136
1229530385136193540
1229533958104387586
1229534753457680387
1229536167793692673
1229536513232384000
1229252298796404742
1229239810415583232
1229249229438144513
1229246448400814080
1229248805616463872
1229243897295056896
1229252369617043456
1229246676373733378
1229249008478117888
1229285844781064192
1229289841495506949
1229293644416507904
1229289016454983680
1229291256498528256
1229291738021449729
1229292149138690048
1229292391284269056
1229295626183155712
1229295694021787650
1229295876260143105
1229296116816019456
1229296279076909057
1229296369485123588
1229296936399884289
1229297813936201730
1229289983569207296
1229293298277343232
1229298052260913153
1229289653997625344
1229292155719606272
1229296521826439169
1229286241918648321
1229288793741676544
1229289198026477568
1229292682716954624
1229295546126479362
1229295704876765186
1229296708468736000
1229297912645066752
1229284555753955328
1229285538814943233
1229285665394831360
1229285831074025472
1229286442993627138
1229286634748706816
1229288150549303296
1229288773168566272
1229291362882916353
1229291889498693632
1229292148476043264
1229293136280727552
1229296207207505920
1229296664269250567
1229296853914726400
1229295556381597697
1229285669132029952
1229293474010337281
1229294296706080768
1229295622911668225
1229297084249104386
1229297436524306434
1229297641722449920
1229297813546127365
1229297996392812545
1229296647898894336
1229293611088519169
1229286850675838976
1229288468167188480
1229296994583220225
1229298714365218818
1229287526139154432
1229295626120286208
1229297205439275014
1229298573352882177
1229405137413791746
1229406791177588736
1229410531360071682
1229411098304172032
1229412697671970817
1229415647492427778
1229415761699123200
1229417022230056965
1229405893663567878
1229409937995988992
1229410840052404224
1229411709259001863
1229411731983806464
1229412336399720449
1229414186280800256
1229414796069568512
1229416142533484544
1229417195186348033
1229417888282562561
1229419167461322752
1229419238961508353
1229419367172988929
1229416326571216897
1229418415229689857
1229406393809219585
1229407077807935489
1229407401360658432
1229407766873288709
1229412112235212802
1229413428844007426
1229414435728613377
1229414470910447616
1229415062424686593
1229416975513915393
1229418910962810882
1229419842316521472
1229406401610403840
1229405247023521793
1229409318916820994
1229409805007233030
1229411157594820608
1229411402747650048
1229412620983242753
1229413305657286659
1229405387733925888
1229406079202844672
1229406690824593411
1229407027316903939
1229408405812629507
1229413758986051584
1229416464928604160
1229416635825557509
1229417591980072964
1229417728731205638
1229418910530916352
1229419012204965890
1229419309312528384
1229419718282481665
1229411261416386560
1229412861761540097
1229419980359421953
1229405283778166784
1229405787144912896
1229406597706854400
1229407087479967744
1229407496890146819
1229407702536904714
1229409025734926336
1229410071450394624
1229410189545234432
1229410651283611649
1229412248243834881
1229414620697419778
1229414720756736000
1229415844209278976
1229417329416712192
1229418391536119808
1229418747087196163
1229418947323273216
1229419118308315136
1229419675261505536
1229419821995040769
1229408085569044480
1229410511143522305
1229414196129017857
1229415292675219458
1229405167419830272
1229406855732121601
1229407359031808000
1229408115491246080
1229413695115190278
1229415055239917568
1229415817583976448
1229415941408206850
1229416097058783232
1229416413288435713
1229416772106883072
1229417820687040514
1229418624949026816
1229419679996874752
1229416714414231553
1229409689936519168
1229407416376348672
1229408973125832704
1229410092640096256
1229410691368484864
1229415442982277121
1229415809279307776
1229416314198020096
1229416593475678210
1229417530038661120
1229417733026172928
1229418388713353216
1229419904354410496
1229407071193440258
1229407242883125250
1229410789871759367
1229412576007770114
1229415755990675456
1229417301285507073
1229417318532419590
1229417635919618048
1229262541215285248
1229257454778802176
1229267243017654273
1229263206356529153
1229260959438512133
1229263511790014464
1229267296549507073
1229254653935833088
1229257601927524352
1229258231140306950
1229263658590621696
1229264656457457664
1229255551651139586
1229263503938158592
1229451952414695424
1229463853454544898
1229462876160655360
1229455908700291073
1229456888326246400
1229459294980100098
1229461808966250504
1229451429087236104
1229451575325626375
1229451576000909319
1229453087246442496
1229455465890877443
1229455583260090368
1229456115940749312
1229458511366705155
1229458587870801921
1229459157759250433
1229459233659330564
1229459412621938690
1229459425074786304
1229459712233656322
1229462123299983360
1229462232234328066
1229462786348113927
1229464913200001032
1229464968757698561
1229465406034923520
1229451957984792583
1229453688227454980
1229454094215139333
1229454482817376256
1229452661004566528
1229452760938172417
1229453117307195393
1229454468351172608
1229456852251021312
1229460315705946113
1229461233369260034
1229461381122052097
1229463654854254592
1229464016172527617
1229464333719089155
1229464463260209152
1229451005957431300
1229460748188966914
1229461594960207873
1229464160649519104
1229450603836952576
1229451927676739584
1229453223259492354
1229453493901176833
1229455491799175168
1229459233873235968
1229459249656365060
1229459269130575873
1229459957558513664
1229460007487516673
1229461320715718656
1229461987761020933
1229462375264346112
1229464126629568513
1229464532193554432
1229465136907390976
1229465456370683906
1229450446487552002
1229450591539277825
1229452076671029248
1229452232011239428
1229452537570439174
1229452979734011904
1229460851016507392
1229464872796205056
1229465519591428097
1229464976190005249
1229457943814397953
1229457983823925248
1229464433405177857
1229451722113855488
1229453391795040258
1229454038602846208
1229454277845889024
1229454653726904321
1229455104723603457
1229457961501822979
1229458320685223937
1229458829462691842
1229461039806373888
1229461621623398401
1229462801527312386
1229464196250771459
1229464293407625216
1229464971811151872
1229465493649711105
1229450728323850243
1229456400075698177
1229460984219258880
1229464596693553158
1229453693784875008
1229453976451584002
1229454086585700352
1229457745931362305
1229459492745682945
1229462413499604993
1229464625739116545
1229464951007465479
1229461478928941059
1229453376821366786
1229451006435635204
1229451111091884032
1229455101334609920
1229456049947729920
1229456547434106880
1229458685153464320
1229459263136944128
1229450484391518209
1229450621373362182
1229451287395217410
1229455718312546314
1229455889289097216
1229456419461779457
1229456532456251392
1229457827892207617
1229459551713447936
1229462772120944640
1229464040512086017
1229464868002111489
1229465085007060993
1229465311885320199
1229374956267540481
1229382097720299520
1229382771916857344
1229384140815880194
1229384555364278273
1229384623303598080
1229387455033495552
1229388471783034881
1229380063927427072
1229376313108115456
1229374994494427140
1229375079324143616
1229375257489924096
1229377483264417793
1229377952212799488
1229378000677982209
1229378524999495681
1229379015787589632
1229379191298195456
1229380191342022659
1229380502290870272
1229381329160167424
1229382092359946246
1229382225629794305
1229383125152739328
1229383391730110464
1229383454237843458
1229383464618688512
1229383630797070336
1229383790532927489
1229384298014367744
1229384391400591365
1229384786239741952
1229385622613307393
1229385759645405187
1229385830302654466
1229386281844715520
1229389810059612161
1229389876732231690
1229382904444342279
1229388226193915905
1229378482809049089
1229380297965363201
1229382718892527618
1229383109474488320
1229384834633601026
1229389587123970048
1229389738995568640
1229389942398373888
1229381130962587648
1229378596906524674
1229380304567185408
1229385588190699520
1229377676470870017
1229379008682450944
1229382118758899714
1229382486314098688
1229383435392864256
1229384662516146176
1229388559091720192
1229389190430937089
1229389987155791873
1229375041449725952
1229378512093622277
1229380581693284352
1229381582399647744
1229383020706193408
1229383482402582528
1229384101578166272
1229384379392299013
1229385724648185858
1229385865597739008
1229386098473828354
1229387165165129728
1229388297396531202
1229388894602452992
1229375332970569729
1229383790948167680
1229381368326561792
1229381822347448322
1229376445031616517
1229378458154917888
1229379371095535616
1229380164624187393
1229380479247437825
1229382454701633537
1229383391209979904
1229384264644468736
1229384483339669506
1229385800359587849
1229386023731441666
1229386682891489285
1229388201791512577
1229388282427068417
1229388711416168448
1229389797883432961
1229389820058836993
1229376864709496833
1229379727493718017
1229381768240914432
1229381933328719873
1229384060520321024
1229384135547944960
1229385906865524736
1229375004443365378
1229375452503998464
1229375979308699650
1229376827787010049
1229378660353945601
1229379107223429120
1229379158322622464
1229379727401590786
1229380412499275776
1229382855018663936
1229383608835727360
1229385733946867714
1229387107224969222
1229387123595366400
1229387418765271041
1229387980911104000
1229388027753046017
1229389367258554381
1229389663208689670
1229389712982466561
1229384504130686977
1229381644131368966
1229376199832543233
1229381175279595520
1229382250631979012
1229384189193129985
1229386506680311808
1229375823037239296
1229378981700481024
1229380577092153345
1229380806503739392
1229381564708085760
1229381693825601537
1229381710795722752
1229381921509191680
1229382467624357888
1229382622754869248
1229384384010182662
1229389442353451008
1229183006235033602
1229183213169496065
1229179665341792256
1229183367658254340
1229186207361294336
1229188952868958208
1229189783068516354
1229185169015365634
1229182663711428608
1229182809081884673
1229178787818037248
1229189928996786176
1229179847181774851
1229184712238911491
1229181188792836096
1229183518992891904
1229184325276569600
1229184584065200128
1229186075589009408
1229188253548531712
1229192958303506438
1229193590590582784
1229180644678406144
1229186021759373312
1229192810382970880
1229193728834834432
1229184922797199361
1229185403787325440
1229187265118842880
1229190046575681537
1229193069116952576
1229180603016318976
1229181474110349313
1229188136279969792
1229188310951714817
1229188883587489792
1229189510526795778
1229190300364615680
1229191123639336960
1229188546994544641
1229512663526526979
1229520017592668160
1229521955046469632
1229525368111063046
1229524867898335232
1229511772811464705
1229519938173493253
1229511289568944130
1229512098251788289
1229513791286792195
1229514546966155265
1229515854435495936
1229515887713116166
1229515900325449729
1229516552862650368
1229517291773202439
1229517760847368195
1229519705486045185
1229521252538298371
1229521848834174987
1229522817244368900
1229523464131940353
1229523467772579840
1229524306842927104
1229525664920997888
1229518267200540675
1229522229320441857
1229510842854629376
1229511146358571009
1229512510270779393
1229512765569630208
1229516822996750338
1229517201050361861
1229517414615912450
1229521513373749248
1229521545363587074
1229511453201309696
1229515494132084737
1229515496623464448
1229523179896475648
1229512129402875904
1229512805142933507
1229513745103192065
1229514639656079365
1229515759484907520
1229520141513318402
1229522994411790337
1229523420376969218
1229524035568066563
1229514552099901441
1229515778942275590
1229516354161606656
1229517593804988417
1229518390710194176
1229521077895909379
1229514280954998789
1229515146797735937
1229513511539224577
1229511815203360769
1229514448978763776
1229514988445937666
1229515019051765761
1229515568111398928
1229518035565891584
1229518165496999938
1229518627990319112
1229520906344525824
1229523153363316737
1229524281060732930
1229525685611327488
1229513933528145920
1229514655896305667
1229520026035683328
1229521862255874049
1229524257333501952
1229525043794890753
1229525548692578312
1229515769584771072
1229516179867422722
1229517112529555458
1229517287994134530
1229518189886951424
1229520973600350216
1229523678343421952
1229523952793538561
1229516043984482304
1229513861046374401
1229516011398762496
1229516771163590656
1229521834019782656
1229512953503866880
1229513375463485441
1229513740548132864
1229513947369308161
1229514179872251905
1229514799987466240
1229516108677439491
1229516613432545282
1229516631006642176
1229518362625138688
1229519647206203392
1229519757151522819
1229520996710920192
1229521977301504002
1229524743428214784
1229390551126024193
1229391393895911424
1229391818091089920
1229392064850415618
1229393303877115904
1229393313930915841
1229393608685555712
1229395094366826497
1229399344341757952
1229400178966310913
1229402175492820992
1229390049839587328
1229390062028304389
1229390066298105857
1229390207692267521
1229391302288183299
1229391342083756037
1229392173386342400
1229392186417922048
1229392359978344449
1229393696518369281
1229395485548523520
1229396830695428097
1229398092899913728
1229398553853820928
1229400194397200385
1229400638007762944
1229400732681502720
1229401883913023490
1229397529600626693
1229403269262462976
1229398388136927232
1229399182470938624
1229401037326426115
1229401673950318593
1229404204797775877
1229402084866437120
1229402540707631106
1229404245625102343
1229390886729113602
1229401125360721925
1229402853556523013
1229390107427426306
1229390384226295814
1229391675853811713
1229392331754831874
1229392500244262913
1229392989539176448
1229395192613990400
1229396247540359168
1229396552302592002
1229398405044219904
1229399868117962753
1229401124429537280
1229404258908372992
1229390061105487872
1229390366312407040
1229390736665214977
1229391571361128448
1229391822834872322
1229392222417756165
1229392287957995520
1229392924267417606
1229393159253364736
1229393186478489600
1229393532043038720
1229394144390414336
1229394966180454400
1229395772178870273
1229396177440866304
1229396756745609217
1229399660650954752
1229400660170412032
1229398674389815296
1229401441489559554
1229397466946076672
1229390298545098753
1229391408139771904
1229391629385113605
1229392045791498245
1229392527133990912
1229393580432728064
1229395248998166529
1229397983101440000
1229398402678624257
1229398858523914240
1229399354018017284
1229399669207371776
1229402349212446720
1229403223737458688
1229404849374142464
1229390219012689922
1229393598023598080
1229394681353637890
1229395086699573250
1229398599345287170
1229399204499480581
1229402767384547328
1229402844006141952
1229390175442259969
1229391347569827840
1229394172127432704
1229396975050797056
1229398518554660864
1229399842763485186
1229401029063643136
1229401529897144320
1229394224736538624
1229400623700946944
1229398652600365056
1229390048996532224
1229391954410180608
1229392749213999104
1229393784158466048
1229395974914744325
1229400756689698817
1229401775188344832
1229402924088012800
1229392059691405313
1229393660149714944
1229396744053587973
1229397547376160770
1229402896904720387
1229404813139550208
1229211368244551680
1229222089455960064
1229209528115367941
1229220709412593667
1229208924815052800
1229218084122173440
1229218948635336704
1229221999337185280
