1228697346587971585
1228698364440645632
1228699997543247872
1228703214335385602
1228704501705650177
1228705010797699074
1228706676573908993
1228706954412990465
1228709953642299396
1228695636847087617
1228696979364044801
1228697866262151169
1228698568871071745
1228699864063758338
1228700936828280833
1228701329805238272
1228701834447028225
1228702086264741888
1228702154812248066
1228704219277950976
1228704254547890182
1228704760750059520
1228704765619646464
1228705282328580098
1228705499857772544
1228705521269645312
1228705987827204100
1228706260444381185
1228706663168925698
1228707000994889730
1228709545272324098
1228708968819765248
1228709345208172544
1228698009434804224
1228698578496950275
1228704474555965440
1228707301109981187
1228708766025121793
1228709482185838592
1228700909892403202
1228700995473072129
1228705101637996544
1228696388885676033
1228698066527641600
1228698565242970118
1228699860435656704
1228700284718866432
1228706648530849794
1228706732056154112
1228707339286536193
1228707423885627392
1228707600189005825
1228708134853763072
1228708233159770112
1228697368649969669
1228697873677791233
1228699059113861120
1228699849895399425
1228700755885903878
1228701314215038976
1228703458305433606
1228706494683717636
1228709265151528960
1228709463349235722
1228697125493624832
1228696899336667137
1228697635525218304
1228697694413017088
1228698744289406976
1228703194693488644
1228707302406004737
1228707347004039171
1228708135583539200
1228708283625672704
1228708900519673857
1228709292796190720
1228699601215070215
1228703128687697920
1228706601609068544
1228709010871812097
1228695461222989824
1228698599367806981
1228701217154531331
1228701347177955329
1228704544676352002
1228705588877701120
1228706740897820672
1228710166801080321
1228698015323578370
1228702963050467328
1228703381369360384
1228703513154400257
1228704760087400448
1228707926002540549
1228780392112672770
1228784330912215046
1228785465026863105
1228770984297103360
1228771037795561472
1228771855974195203
1228773016064184323
1228773489122926593
1228774754838044677
1228778704651870214
1228780058971639813
1228783760981794817
1228784128549675008
1228785555976212480
1228777553374121984
1228780809726898176
1228781957833789440
1228781960509710337
1228773428771065859
1228776506580709377
1228775919323635718
1228780705246842880
1228774581621731328
1228779150279835649
1228771046628691970
1228771058129481728
1228771671307362305
1228772618494521345
1228774010214846465
1228774881040486400
1228774903316348933
1228775633817341952
1228776840405360640
1228778487315562496
1228778653506572288
1228780903830315008
1228781537187049472
1228784213283000321
1228776929093967875
1228780250043232259
1228783505435430913
1228785175171125252
1228772774489075718
1228775533468672005
1228774401446903808
1228782725366255623
1228784761264648193
1228785877964525570
1228780227293306881
1228782417143615489
1228784446721097730
1228771091956535296
1228771378658193408
1228772716838375424
1228775233613639681
1228781435181502466
1228785958591569926
1228771237930860544
1228781320014368768
1228774720637722626
1228781562965172224
1228782807524220928
1228775317386539011
1228777333752049669
1228777355147124738
1228779246375591936
1228779621346398208
1228784941451878401
1228785119802077186
1228785565518245888
1228731961772068865
1228734384934719494
1228734616732946435
1228735020984078337
1228737472928059395
1228738187125805056
1228727215082307584
1228727484776144901
1228728928786960387
1228729072450183168
1228729107690729472
1228731044028911622
1228732074082873344
1228733908876959745
1228735510853672962
1228738773099405313
1228739132936998912
1228739310163300354
1228739425917657089
1228740419942526976
1228733094368284672
1228730934167556096
1228731195095056386
1228731535681081347
1228733560753999874
1228735580931907584
1228735647139213312
1228738879487868930
1228739002850795520
1228740167835508736
1228740239994302470
1228740445427118085
1228740609583779842
1228725955025424386
1228727148355211265
1228727836661485568
1228728663497224192
1228729364663164930
1228730398219362309
1228733023232954368
1228740371875713025
1228725847412158470
1228726084948103169
1228726131391631360
1228726189927342080
1228727156429250560
1228727459274805249
1228727900985315329
1228728920192831488
1228729976293330950
1228729998762217473
1228730104353820674
1228730667837595650
1228731980151431169
1228734601071226881
1228734982295707648
1228736884899241987
1228737153049530368
1228737283093942272
1228738056972382208
1228738547231973378
1228739440564219904
1228739900557680646
1228740747798732802
1228725929733771270
1228727212049936385
1228728279718342656
1228728550389407748
1228729100392636417
1228729219317891072
1228730309941891072
1228732570596192259
1228733036927344641
1228733546237440001
1228733752760786944
1228734038313230338
1228736256663646209
1228732855494283264
1228739399279575042
1228725761751695361
1228726412762386432
1228727676376158209
1228728025598091265
1228730021797298177
1228732111173177346
1228735844586065921
1228737771960963073
1228727326109847553
1228730989096112129
1228739256551604224
1228740633994633223
1228725949518241797
1228726745848786950
1228730906153799680
1228733567783534600
1228733939679928322
1228734735515561985
1228736206671839233
1228737039224446977
1228737135462768640
1228737269701521410
1228738451585060864
1228739674446974977
1228739856626483200
1228740675396685825
1228726909904850945
1228728119613362178
1228732801635307521
1228738529968238592
1228740660750176256
1228727414731264000
1228727449992802307
1228727787181264899
1228728040236167169
1228728083601031169
1228728353038966785
1228728478306054145
1228728846696034306
1228730452162306049
1228732742566924294
1228734236573589507
1228734698035306497
1228734915119808513
1228736666128523264
1228607711920742400
1228608002405564417
1228612149230100480
1228612294067806209
1228612876258152450
1228613711725834241
1228615244479680512
1228618269935964160
1228605700466790401
1228605769672687616
1228606253217304576
1228607427731431426
1228608403020435457
1228608429859725312
1228608680721047553
1228608741039321088
1228609092819746816
1228609906024079360
1228610155757080576
1228610222769549313
1228610957200568320
1228610966868447232
1228611153984737280
1228611509829369862
1228611779833495552
1228612246642864128
1228612898353750023
1228613593962250241
1228614471263887362
1228615883683135488
1228616027027787776
1228616383640014854
1228616389335932928
1228616946289082368
1228618754164248576
1228619252082577409
1228610253031452674
1228610773284511745
1228613913924767744
1228614199682699265
1228619080606810118
1228619253076692995
1228613921470394368
1228604871978475520
1228607362224836608
1228609609310654464
1228614175691345920
1228617269762314240
1228618580993957890
1228618714834231301
1228606128197525505
1228606291813244929
1228608920794664960
1228613212624637952
1228613380988121089
1228613785780465667
1228614960097480704
1228618176184930312
1228609247929393153
1228610287693107202
1228610442093789185
1228611931012988928
1228612017642188805
1228612447759749120
1228615365326000128
1228616774851141632
1228618727693963264
1228619835686445058
1228614397343522816
1228616936759668736
1228605288590323713
1228606042751275008
1228606743464349696
1228606801018572800
1228606831674699779
1228607679561596930
1228607951021248513
1228608959461888001
1228609103758602241
1228609274915495938
1228609360324157441
1228609690990346241
1228609778177519616
1228610139630055424
1228610821032488961
1228612028501254144
1228612707131117570
1228613047121408001
1228613147134590978
1228613178508152833
1228613533866135552
1228613747389784064
1228616859852951552
1228617140221206528
1228617895288111105
1228619742665199616
1228609467601825792
1228610571592982528
1228612412200407040
1228612460791422977
1228608201916108801
1228614245698412546
1228614664860377088
1228616744954142720
1228617821468479488
1228616921907703808
1228605840485122048
1228606849815109633
1228616132074053635
1228616256829480960
1228604940094001152
1228606712535486464
1228611970238230528
1228613619492876288
1228614965168398336
1228617073200451589
1228606867091460097
1228608051340599296
1228609687379206144
1228609777342853120
1228610359763853312
1228612098713935872
1228614648209068033
1228616250395373568
1228617530186620928
1228621840144326656
1228622764162068481
1228623339142426626
1228624876707164165
1228625213438472193
1228625487364313088
1228625578888245248
1228626442042454016
1228626827154989056
1228627561539948545
1228629671610372096
1228630017539805184
1228633063321677825
1228633185694580738
1228620997248659456
1228621280766722048
1228621440003559426
1228621469070041095
1228621560568782850
1228623431341629440
1228623536497053702
1228623548400402432
1228623822879940608
1228623868459388929
1228623892245352449
1228623928349921280
1228624147300913152
1228624155291136001
1228624233175158784
1228624340549324800
1228624360371605504
1228624615251075072
1228624626713911297
1228624650214744064
1228624706712064000
1228624715578736640
1228624731735306241
1228624771140739072
1228624787511136257
1228625054289858560
1228625111093215233
1228625173659738112
1228625401477505024
1228625840302370817
1228626036583280640
1228626167244058625
1228626252279484416
1228626309829537794
1228626695663575040
1228626704974917632
1228626717239074818
1228626822927147008
1228627214943555584
1228627798002196480
1228627899445465089
1228628126890156032
1228628158007644165
1228628285418065922
1228628875187494912
1228629208529854465
1228629541847019520
1228629673132818432
1228629700928516096
1228630056915939328
1228630225363312640
1228630434885591040
1228630554469421056
1228630796975644672
1228631015125585920
1228631058637344768
1228631294604505089
1228631559605014529
1228631832289214465
1228632019942432768
1228632031443214336
1228632042855948288
1228632158723563521
1228632415519805440
1228632469097926656
1228633036817936384
1228633230200496128
1228633311641206785
1228633629640798208
1228633778442133504
1228634260535435264
1228634597182840833
1228634901534167040
1228627010362146821
1228632970677891072
1228633411251851265
1228624862077386752
1228625077564051456
1228623375146373120
1228633136164147200
1228620801328414720
1228633298320154624
1228633828987674624
1228620441381736448
1228621076806004736
1228621859052118022
1228621859098263553
1228621860562038784
1228621885358903296
1228622307511459841
1228623321262153728
1228625295495847937
1228625511611424769
1228626672074792962
1228626686008332289
1228626798747045888
1228626844288770048
1228626882972864513
1228626949775470592
1228627028171096064
1228627805887455232
1228627899860672512
1228629293325926404
1228629325081141248
1228630013106434048
1228631056703721473
1228631265416564736
1228632561095757824
1228634121406222336
1228621051225092097
1228621174269194241
1228622261944541185
1228622615591424000
1228622702883278848
1228622734290247682
1228622814544060417
1228623504007979008
1228623612732682240
1228623974550134784
1228624082104733696
1228624941622362112
1228625454954958848
1228626176786255873
1228626344382205952
1228626525827805185
1228627359328284672
1228627868923592706
1228628352921165825
1228628796380733440
1228631435038412800
1228633685844545536
1228634334803963905
1228634382367367173
1228634694767566849
1228633954196041729
1228627130600300544
1228621603409408000
1228627675931172870
1228628224500011008
1228621036087922688
1228622915576434689
1228623689672986625
1228624500238901249
1228625152147181568
1228625217829736449
1228625806508904448
1228626682598379521
1228627088372043778
1228628892325482498
1228629426214141952
1228629801079959552
1228631065742520320
1228631760608677888
1228632676405534720
1228633256972759041
1228633749425991686
1228622752132816896
1228624185284583424
1228625937551544320
1228625952302936065
1228626433221824512
1228627101143719936
1228629151411843072
1228630867339366401
1228632165086367749
1228633050067689473
1228633823937794048
1228623985673416704
1228624695957782529
1228625233504088064
1228625845104840705
1228626235175075841
1228626584963252225
1228627081325613057
1228628811589341186
1228629769153077248
1228630885764927488
1228631547714166789
1228632740880318464
1228626933405057025
1228628104379346945
1228626330570436608
1228626807664074752
1228631044150235136
1228621002738982913
1228623435573735424
1228628638121299968
1228630440052957184
1228633094799974400
1228633898818658305
1228634003353276416
1228620905754042368
1228623297555914753
1228624568081879041
1228624656229376006
1228624733895319552
1228714197170692097
1228717095443103749
1228719001716633606
1228719717445226501
1228723284818178048
1228724315316793349
1228715654712262656
1228716600439627776
1228717981414416385
1228711453412208640
1228712339207180289
1228712640094130177
1228715302395023363
1228716527303774209
1228718171672207361
1228718495808004096
1228721714844098561
1228722268697714689
1228722319448825857
1228722514223869953
1228723509100195842
1228724421441019904
1228725250734665730
1228725279880773632
1228713882425970690
1228716036830244865
1228723492356608002
1228713492989054976
1228713973933117440
1228719168331055111
1228720114712940545
1228724668967858179
1228725297702461441
1228712979467776000
1228715818340560898
1228717884244885511
1228720695523397632
1228720865027723264
1228720874196480001
1228720983034429442
1228721080745037824
1228722660198297602
1228723050054590464
1228723100885377029
1228723613194432512
1228723914014183424
1228724623849730048
1228725192379097094
1228711478972289024
1228711486396211201
1228711635906420736
1228711727409356806
1228712620347273216
1228713839555903488
1228715251560067073
1228716284705169408
1228719067135119368
1228720163790430213
1228724391749570560
1228713740171870208
1228711601487958016
1228712289261563905
1228712391313182720
1228713078302400512
1228713971550523392
1228714582308466688
1228715192709779459
1228715709238333441
1228715772467384320
1228717107413565442
1228717733598158848
1228719988728614912
1228720006139174913
1228721651694608384
1228722360284590085
1228723494273331200
1228725387330564103
1228712069643591683
1228714649748721664
1228716649810976770
1228719188862259200
1228719782486302727
1228711949506052097
1228713065484517377
1228718113501437953
1228722923210526722
1228723821231923202
1228717391485468672
1228711412840751105
1228712479561306120
1228713136695529475
1228715386058792960
1228723723706011648
1228723764168359937
1228724464663375872
1228724918172495873
1228711042634653703
1228714707697258498
1228715275115167744
1228715699142643712
1228716162084675584
1228717502752067584
1228718023915245568
1228719402222309376
1228722900695429122
1228723587777024006
1228725283366277121
1228514549399203840
1228521201170911233
1228525809641459713
1228528595427102721
1228518630083776512
1228522565011955713
1228518353586839554
1228516038008098817
1228567114728034308
1228573122909155329
1228564358319550464
1228568947286560768
1228573335535128576
1228573749932445696
1228573931705163776
1228568024619331584
1228570990873018368
1228567274715537408
1228568640330616833
1228569132301537280
1228574263873036289
1228574439668944896
1228559889288572931
1228560070201532417
1228561212587134976
1228561668831162368
1228567371167735808
1228568789849182209
1228570771448094720
1228572172127555584
1228572482514378758
1228573558286307330
1228561326777262080
1228564535839162368
1228567959091712000
1228571493258448896
1228573729191583745
1228561825152864256
1228566123488124928
1228568980241166339
1228562346681028608
1228568378903814145
1228562111049162752
1228572466102120449
1228573913116037120
1228574272488198144
1228801280337944578
1228803308678025216
1228809632535187456
1228811593917575172
1228811621096730624
1228803312310317056
1228803324557680641
1228805413925203974
1228807915777249280
1228807148559269888
1228809790874431492
1228815024153559040
1228802708288700416
1228804279856771073
1228804568143798272
1228807621018300418
1228806878378983424
1228802699761737728
1228815673377411072
1228802953496137728
1228804257362649088
1228804821605584897
1228806011902996482
1228811481707212801
1228812077885685761
1228812351509581832
1228813703186919424
1228813785890263041
1228814397893640194
1228814722893537282
1228803302608867328
1228803319918817280
1228803325971189760
1228803327346892801
1228804111971291136
1228806391516758016
1228807511861493760
1228807592107028480
1228808486932361217
1228809538188476421
1228810493802024960
1228811921240936448
1228812022927777794
1228815563012608001
1228801265041313793
1228802980603924480
1228807534095618048
1228808274436378626
1228809981736181760
1228815858522259456
1228812708193165314
1228801367319470081
1228802845274705920
1228810387849666562
1228802041570447360
1228808450936885248
1228809263658815488
1228803478027411459
1228805351442653185
1228808633108123654
1228815022404636677
1228802411785003008
1228807535492247553
1228810141967036417
1228811418113335299
1228811991483133952
1228803746408390656
1228804863993225217
1228809893865353216
1228810381252055049
1228583049413234689
1228588776059961344
1228589346162384896
1228575927904473088
1228575929108193281
1228575932090322954
1228577819296354304
1228579831165550592
1228580213669236736
1228581410069458944
1228581434262196224
1228585297996324866
1228585465290334209
1228585839959117824
1228586167030943744
1228586571978420225
1228587019561062400
1228587456657870850
1228588163540619266
1228589006495133696
1228574664277938176
1228582213014278145
1228584563770888193
1228585854563766272
1228585925464264709
1228587843251032065
1228589344300191744
1228583908280852480
1228584494535520257
1228587375690952706
1228587748795310080
1228574708381208576
1228577314155499520
1228577369625157632
1228579042233929729
1228579340109205505
1228579577053798401
1228580618918907909
1228581108046090240
1228585754256953344
1228585998025621504
1228586698814218240
1228587776322527232
1228589344258232321
1228580744672534528
1228575944991965184
1228575900561805313
1228576085220216832
1228576776936468480
1228577400004513793
1228579576655360000
1228580195176570881
1228584230973845505
1228587780726558721
1228588093759991808
1228576669344112641
1228580629916405760
1228581563857854466
1228582457601150977
1228588001644752896
1228575277007155201
1228581424925749248
1228582308355158016
1228589287433818112
1228582485056983040
1228575498885836800
1228578541022871552
1228579599103164416
1228579734071672832
1228579976351449088
1228582356719722496
1228584743123464192
1228589280697692160
1228574724088881152
1228578977582809088
1228582213798596609
1228583201536430085
1228583891084206080
