1223448051550998529
1223452829114884096
1223453808975433729
1223442110424256513
1223454310035382272
1223448953099816960
1223451087719419904
1223455655106711553
1223446369962266624
1223451842023129088
1223397985733746688
1223398712560562176
1223401071516823552
1223410271722594305
1223410544289427458
1223397900740386816
1223397981908500481
1223401809148096512
1223402251101753344
1223402291681808387
1223403667816091649
1223404337969422336
1223397556715163650
1223397807735918592
1223399335812984832
1223401462300016641
1223403513193160704
1223408668554809345
1223399059123208192
1223399369010888704
1223402019869937664
1223397077675388930
1223401572341878784
1223403030898409472
1223406360198631424
1223409759346401286
1223398553751642114
1223398554955321344
1223403806416728064
1223396451818135559
1223500190117761024
1223500236242456576
1223486440786366464
1223488440681091072
1223488454530682880
1223489408315293698
1223491076335579139
1223492877898199040
1223493846912380930
1223495508926312448
1223496300018176000
1223496837405052928
1223486320653340673
1223496970628685825
1223500670684336128
1223487207425613825
1223493038082875392
1223494215327453184
1223494619222216705
1223494791033511936
1223496215750496257
1223496801015214083
1223496821751910400
1223496963158609920
1223498123106029568
1223488354848772096
1223490438608445440
1223495466681348096
1223495945112997888
1223499542655655939
1223486194899726336
1223486385501417472
1223486674379907073
1223494219089793024
1223496821797871617
1223497396497408000
1223497983855136771
1223498420654170112
1223499032879935488
1223496892061048834
1223493364957446155
1223499742958833665
1223500235747528704
1223500983499730947
1223486505664045057
1223492872168726528
1223495250607595525
1223497930608447488
1223498984075005952
1223546538963742720
1223549361021444096
1223549592828104704
1223549966850850818
1223552316554534912
1223552410309812225
1223553123765100544
1223546757788917762
1223547275802238976
1223547801017225216
1223548544004579328
1223548799068639233
1223550063701561344
1223550190952468481
1223551230720577536
1223551438716067841
1223551633256304640
1223552111495041024
1223552332211871744
1223553877921931264
1223555262981779456
1223555774410035202
1223556073975664641
1223556826828025857
1223557122992037891
1223557406468296704
1223557538341441537
1223558085790371840
1223558436308365312
1223558579053125634
1223558847358480385
1223560119356620801
1223548328950083586
1223551530818850818
1223551756266868736
1223554095098859520
1223559533852856320
1223554800312311809
1223552484624478208
1223551208922734592
1223555897374445568
1223546684090785792
1223549402704437249
1223553689102753792
1223546967894241280
1223549052144570368
1223550300067434496
1223551144552738817
1223551540335607810
1223551867038453761
1223552451644620800
1223552869690937344
1223552877152567296
1223555196493664262
1223555205515575296
1223555346867924994
1223556639950876677
1223557126401949696
1223558314614829056
1223558417387872256
1223561508942204929
1223546734195986432
1223548110657523712
1223549410342309888
1223550699230978048
1223552384661708803
1223552514588585984
1223554202674352128
1223555345047531520
1223556682300772352
1223557140343939073
1223557679823671296
1223558145039126533
1223558403324293120
1223558679074656256
1223560689857396738
1223554051889147905
1223546628008828928
1223548004260552706
1223548113509658625
1223548852344586241
1223549218842906624
1223549632527118341
1223552319968763905
1223552668406353920
1223553313473470464
1223553410777206787
1223554631613194240
1223554900447186944
1223556079684136961
1223556086256611329
1223556310630879232
1223556459943907329
1223556602390831109
1223556817994862592
1223557528128237569
1223557866562490374
1223558210033999873
1223559114388840449
1223559207141695488
1223559721984167937
1223560443639353344
1223560634500931585
1223547164166643712
1223548348160008192
1223551260089049089
1223552863999229952
1223554683727503362
1223556485365497858
1223557784404447232
1223558405006204930
1223559251517374464
1223559929782509575
1223561485718302721
1223551018820153346
1223556138249150469
1223557681564307456
1223561328402599936
1223550191845855232
1223553739828711425
1223547180759339008
1223548176407375872
1223550388755890177
1223551569435746304
1223552447592923137
1223552705798508544
1223553025106640902
1223553487268651008
1223555565021995010
1223560446302720000
1223548153380704258
1223548526489145344
1223548529198747648
1223548895319461889
1223549918801027073
1223550253581971456
1223551291177213954
1223552974968033280
1223553872180011008
1223554033216098304
1223554844524515330
1223555344409989122
1223557529793368064
1223558128203182080
1223559115462582274
1223560756051968000
1223561116867088384
1223561445067120641
1223561842741710848
1223562502329524225
1223564144403787776
1223568045949489152
1223573965911855105
1223575276413767680
1223576629303283712
1223563164106809344
1223569861206532096
1223562301544026112
1223563825460453376
1223563907446583298
1223563990393114624
1223564035267973120
1223565604541599744
1223566065424371714
1223566148144455681
1223566205371535361
1223569216844050432
1223569447463653377
1223569580100128771
1223569698383548417
1223569802553438209
1223570009940729856
1223570842010968064
1223571096638803969
1223571117144772609
1223571830725861382
1223572069901836288
1223572240618467328
1223572540389543941
1223573009631498241
1223563899158646786
1223568053172166656
1223568458467680257
1223569687730163717
1223572679556509696
1223565311024226316
1223566899369390081
1223566921607667712
1223567210192474114
1223567910830051329
1223569186183700480
1223562555878268928
1223564338268659715
1223566376423624705
1223566669190172674
1223562075735232512
1223564905124634624
1223565314815819776
1223569648744046592
1223569813114707970
1223570206963965953
1223570712205627392
1223572866320556032
1223574060954722306
1223574556327186432
1223574838205460480
1223575080942362624
1223562334758744064
1223567648153272320
1223568670544232449
1223569376806305792
1223574998935392256
1223564998879989761
1223564741622321152
1223565312202878981
1223565951834238976
1223566356425117697
1223569906505080832
1223570186722213890
1223570821639221248
1223571233368788992
1223572844879253505
1223573189550395392
1223574419961982976
1223574528162500608
1223574545174581249
1223574581509795845
1223574603454468096
1223574625390616576
1223574661969084417
1223574683863392258
1223576436981760001
1223561694414352384
1223568979169595392
1223571165718941697
1223564288834535424
1223564748308000768
1223567764218097665
1223568742375985152
1223572508206673920
1223575416633544705
1223564664321257475
1223565724016414720
1223568229399965696
1223565888462475265
1223562861785513984
1223563094242287617
1223563302950838272
1223566060089159680
1223573539946749952
1223575174160769026
1223562779858292736
1223562985433632768
1223564147868172288
1223564318178009089
1223564756075917317
1223565688020795395
1223566090468499456
1223567007918034945
1223567695876149248
1223567929788313600
1223568269187129345
1223573125952155648
1223573546947006464
1223574787752169472
1223575273561645057
1223575649828462592
1223575759895384064
1223575993815916544
1223576327699279872
1223638634554974209
1223638887479889920
1223640179258335232
1223644111250563073
1223647844923559942
1223648100230860800
1223650742763954177
1223651245661048835
1223638889585434624
1223638853942239232
1223641501902811137
1223643293852078083
1223643909018046465
1223644091013050368
1223644851037790216
1223645510973698049
1223646373356212226
1223647752028114954
1223648453265223682
1223649594648793091
1223651871811874816
1223639653636542466
1223640473698471938
1223642640169697282
1223645137835896833
1223637487194644481
1223646638390071296
1223648870418305027
1223646396965883909
1223637958156222464
1223640520871829504
1223645721422958592
1223651864056492038
1223638354723512322
1223638374201905155
1223638693539405824
1223639310404067329
1223642069450870787
1223647429620305922
1223648498698113025
1223648645767159810
1223648830010294273
1223651097618919424
1223651360073187328
1223651501291319300
1223652029400330242
1223652125223329795
1223637128728469505
1223637826853658626
1223638491202031617
1223638867510730754
1223639651161976834
1223640969163264001
1223641163837722625
1223642701406593024
1223645522398937088
1223646272189554688
1223647751948374016
1223648489768464385
1223649164740874240
1223637252615610369
1223638581173985281
1223639527962677250
1223640796903215104
1223640903606325249
1223642071292137473
1223642372057305089
1223643013215334400
1223643100125462529
1223643392736931841
1223644874844639233
1223645434989641728
1223645723603939328
1223648725530226689
1223650523074760704
1223651976505786373
1223638461674029058
1223640391855026180
1223644827797147654
1223645198338621441
1223649005713940482
1223649401031270401
1223650854995156997
1223637491846131713
1223641800616873987
1223646655544811520
1223649122982473729
1223641440116510729
1223637997633048579
1223639840413175813
1223640908102602753
1223641656420970496
1223643232598470657
1223646730899554304
1223651828350562304
1223637991941398529
1223638941171093504
1223640593898921986
1223642577678884865
1223642674693099522
1223644979836411911
1223646637622427651
1223646849367789568
1223646969001844744
1223648088994328576
1223651713447616519
1223727952208302080
1223729069805752321
1223731040100978694
1223731136591007744
1223732139923066882
1223732622314086401
1223732841432915973
1223728212263477249
1223729048951697408
1223729604306907137
1223730384380149760
1223732768397578248
1223734294176202760
1223735537195839488
1223736002390511616
1223741880476872704
1223740972284239872
1223729419732291584
1223730042729005057
1223738225421844480
1223740869091696640
1223729557976600579
1223730044176162822
1223730170881806336
1223731405219344386
1223733456062111744
1223733845410951173
1223734477123354627
1223735505231208449
1223736655389102087
1223740490950025216
1223729670497148928
1223729985380184065
1223733660073058304
1223735406245679104
1223735647426564096
1223736966774128640
1223737362590707714
1223738453545955333
1223738573536604161
1223739687338115072
1223741965273124864
1223729914513436673
1223730707140435969
1223730939261485063
1223731078621552640
1223731283874013184
1223731648400887808
1223735041886388224
1223738725110308865
1223740270199525376
1223740503671410695
1223740513498607616
1223727842720133121
1223729025853591552
1223730901110132736
1223732411160244229
1223733467902595073
1223736281395617794
1223729693607845893
1223729943777095681
1223729986949001218
1223730263471149058
1223740309735137282
1223741297351110656
1223741993047732225
1223742312888532992
1223728176901382145
1223730819442888704
1223731518876594178
1223732002010079239
1223732145409208321
1223733871910576131
1223734529283756033
1223734647860924416
1223736397074444288
1223736633981358081
1223740413871304705
1223740667374923777
1223742735653449728
1223742779664281600
1223698228018864131
1223698594772983810
1223700673398820864
1223701343761768448
1223704489531670530
1223704668154535936
1223705679451578370
1223705893885431811
1223707108291555328
1223708127050289159
1223710877594963968
1223697580514775043
1223708089679056896
1223697620146753536
1223697849696817152
1223699093811273730
1223699564978475008
1223699794767634432
1223702785566351361
1223704347713904644
1223707993214275585
1223708114614202380
1223708736084004864
1223708895752966146
1223709029479911424
1223709130239750146
1223709388663349253
1223711029630324736
1223711617889853441
1223711696138788864
1223698860016656384
1223703935346708481
1223701389760696320
1223699645542563840
1223699716174745601
1223701168427278338
1223705270389563392
1223697760760881153
1223698496097865731
1223698851346862081
1223699167006142464
1223699491150270465
1223699666455408640
1223699888606760960
1223700085722296321
1223705322981818370
1223706337508569091
1223706344391430146
1223708024864374786
1223708564222595072
1223709323366408194
1223709390198509569
1223710540171747330
1223710607599439873
1223710825665433602
1223711996761333764
1223698200529457154
1223704231590420489
1223705923832688647
1223706258957651968
1223709266504232960
1223711881954762754
1223699045077655554
1223700544637849601
1223700861844705281
1223702618372964352
1223702949639135237
1223703150097506304
1223703387230941187
1223704387060629505
1223705513071980546
1223705860146372610
1223708980444311553
1223709459861712903
1223701326414123008
1223704009841823747
1223712619984494592
1223700900797124608
1223702601256050689
1223703492398854155
1223708327814803456
1223697775742857216
1223698770363404288
1223707996238360576
1223709655047774213
1223697557634920454
1223698258289209347
1223699232953114624
1223699335461949442
1223700887362834433
1223702905183707136
1223703153423667200
1223705428762202112
1223705706848817158
1223706899591368704
1223707658252890112
1223707705120055296
1223709616221184000
1223710487290044423
1223710932154638337
1223711796902748160
