1230674253210685441
1230680671326097409
1230675548193640448
1230683461549248513
1230682613481967617
1230687918097915904
1230682941145198592
1230679275436695552
1230681105923264512
1230683739891683334
1230684794851397634
1230686903818768385
1230686326661484552
1230915800636235777
1230916860809531393
1230918960943640577
1230919764169691148
1230922640409464832
1230922931603230725
1230925791258529792
1230926417036300288
1230926423105261568
1230927166193520640
1230916770363576323
1230920241477292034
1230916095999000576
1230916946557841409
1230917805417140225
1230918274168348672
1230920198406000643
1230920716335362053
1230920998008041473
1230921300069306369
1230921768380096515
1230921809270321152
1230923076394725377
1230923558743875585
1230924408782344192
1230925237539098624
1230925830001319936
1230926252560785410
1230929083091111936
1230929705081155584
1230918772233510918
1230919665557348353
1230926388066209793
1230926796377526277
1230927816897810433
1230928103150694402
1230915675633438724
1230916265801330688
1230916484873977856
1230917029164613632
1230917096206479360
1230917573232996352
1230918025869774849
1230918816445747203
1230919692254052353
1230920629920108544
1230920789865779201
1230922869489774593
1230923252735913985
1230923676331237384
1230927138498449409
1230927908073549825
1230928063887814657
1230929155975454723
1230929860094308355
1230921920209674240
1230922937810792455
1230926172013387776
1230915672517042176
1230916882682859525
1230917287278006274
1230918570298740736
1230918708803051524
1230928889213521920
1230915199068233729
1230915473690087424
1230916161631551493
1230917579356672001
1230920894060617729
1230920928588156928
1230921388338434048
1230921636012003329
1230921765800546304
1230921855097298944
1230923391416389632
1230923550304980992
1230924912094797824
1230924958387359746
1230926167680671747
1230926468655525890
1230926740807131136
1230926743004950529
1230926988157890560
1230929143044460549
1230929594515181568
1230917758537420800
1230924697283551232
1230927546449121280
1230928837694906368
1230929701402750978
1230915614375587841
1230922172526481408
1230923753372180484
1230927083263741954
1230917303124078592
1230919653582569474
1230919909217120258
1230920339569479684
1230920921885675526
1230924682867675138
1230926500976873476
1230929698449805312
1230929960426201088
1230930128357724162
1230915644536901632
1230916277276901378
1230918164684443648
1230921085882970112
1230926726269673475
1230927179979972610
1230915211462414336
1230915720692760576
1230915920396156928
1230917795371765761
1230918491596894208
1230919031131164673
1230919180767113217
1230919594363281409
1230919843144224768
1230920493248761857
1230920599389843458
1230920863178018816
1230921286425153538
1230921937628647430
1230922820013744130
1230922933515759616
1230923190760808448
1230923384877391874
1230924222182150147
1230924922899386368
1230924986128457733
1230925061361721344
1230925333714624512
1230925422856200192
1230925633716473857
1230926130200424448
1230926547571396608
1230926593406767104
1230927202583240705
1230927260615692299
1230927660336984065
1230921642332893193
1230922299169218560
1230929442316398593
1230916580000681984
1230919429430693889
1230919757320400896
1230920794345218051
1230921119768727554
1230922135281045504
1230917154641502208
1230917900262875142
1230923369488506881
1230923670132023297
1230923966967164933
1230926777196912646
1230929787637596160
1230840093155512320
1230841613280301058
1230845274991550466
1230848521202524160
1230852036725542912
1230854548803215360
1230853565343772672
1230850001057783808
1230840009667883013
1230840616432607232
1230841261231419392
1230841961143263233
1230842325590585345
1230843148450041864
1230843363131351043
1230844228172951552
1230844577373966336
1230845945652424704
1230846893946634240
1230847143105179648
1230847201573851136
1230847281064218625
1230848254956441602
1230848280868814853
1230848927257096192
1230848942574899201
1230849917129609222
1230850252309176320
1230851412030107653
1230852809857220610
1230853031752880128
1230853235797319680
1230854386353627137
1230854331966029826
1230839931125235713
1230840280573730818
1230840755985567745
1230840874990493699
1230841334862315520
1230841825726025728
1230843352523866112
1230843708561641474
1230844820102565893
1230845067704840194
1230845848696782848
1230847125984022530
1230849236889210881
1230849285534646272
1230849409220476928
1230850155655639041
1230850770511302660
1230851828369313793
1230852171605958656
1230853939718914049
1230854122318028802
1230854208473194498
1230854226680668160
1230854504091918336
1230854651035242496
1230849944376029185
1230852186197962759
1230850933137051648
1230841773909532672
1230852805335932928
1230843415652438018
1230847840408215554
1230848669940961281
1230850968914419712
1230840162801811457
1230840866585096194
1230844345747738624
1230845301906399235
1230849412181610496
1230850589027905537
1230852704811061248
1230852706354581504
1230852707994492933
1230852709554819072
1230852710955651073
1230852712331403264
1230852713761648640
1230852717079408640
1230852715342856194
1230852718811635712
1230852720585846784
1230852722146103302
1230852723458936841
1230852725014958085
1230852726604607488
1230852728223649795
1230852729867821058
1230852731704954881
1230852733747548162
1230852735790125061
1230852737417519104
1230852738902347777
1230852740609454080
1230852742337437697
1230852743692275713
1230852745227390977
1230852746779222017
1230852748456927232
1230852750168203264
1230852752202485760
1230852753414553600
1230852754719092737
1230852756023513094
1230852757252452353
1230852759110475776
1230852761031446529
1230852762482741250
1230852763682299906
1230853216612405248
1230853554107297797
1230854323485147141
1230841518786797574
1230841547337457664
1230841831161769984
1230842500555866114
1230844076901240833
1230844594830614528
1230846340483239938
1230847481908469762
1230847857575505920
1230848829588680705
1230850745613852673
1230851366341554176
1230851602350780417
1230851638623162369
1230852310722600961
1230852922394673152
1230853104050065408
1230853132890099716
1230854149962637317
1230840572094697472
1230853518438862848
1230848631680401408
1230854210562002944
1230841456631390208
1230841631731015681
1230844613667192833
1230846197646020608
1230846242269356032
1230847437658411008
1230849577231798272
1230849823886233600
1230850737460121602
1230850920616824833
1230851104235294721
1230853953933299712
1230840283518074881
1230844141099212806
1230847822825742337
1230848375928565760
1230848051234951168
1230850943882874880
1230854415285981187
1230839617395609600
1230839886409760768
1230839932148736000
1230840003388936195
1230840085123420160
1230840124222660608
1230840222830645248
1230840282570203138
1230840515542888451
1230840994326773761
1230841006297427968
1230841215299485698
1230841249231405056
1230841291250053120
1230841441016045569
1230841822584463360
1230841874732199937
1230841958794432513
1230842075064782849
1230842403642277888
1230842497154285569
1230842577898889216
1230842677694025728
1230842688062345216
1230842763765338112
1230842824981196801
1230842927389253632
1230843007374589952
1230843178997157888
1230843202380451840
1230843206570520577
1230843264078577665
1230843468400021506
1230843496627654656
1230843606337978372
1230843960341471232
1230844020030488577
1230844138553257985
1230844176775962625
1230844244425924609
1230844374671675392
1230844429294096384
1230844476907827204
1230844560605155329
1230845031612866560
1230845077649534978
1230845175255240704
1230845804585328640
1230845828576747524
1230845959162269701
1230846037105008646
1230846088506204161
1230846143778762752
1230846259818266625
1230846305817284609
1230846347177320449
1230846673208987650
1230846892403281920
1230847014612733952
1230847261942407176
1230847326362701824
1230847412849254400
1230847446475059200
1230847901678686209
1230847962789576705
1230848083254292481
1230848311055278080
1230848322837139457
1230848422841868292
1230848487845220353
1230848599472431105
1230849002582806528
1230849033712869376
1230849813895434240
1230850338376372226
1230851066612371457
1230851332137013248
1230851419022012418
1230851643253698561
1230851701445419008
1230851768143273984
1230852067708764168
1230852119554641921
1230852268485943297
1230853122932854784
1230853415258947589
1230853454819708928
1230853885163720704
1230854075287265280
1230854135873966082
1230854368381063168
1230854633628852224
1230848897414766592
1230841054330527745
1230841524860178433
1230841789596282883
1230842622912188418
1230843377546977280
1230843380411748355
1230843646674644992
1230843707081076736
1230843895279308800
1230844241250787330
1230849325753884672
1230851122325270530
1230847249841868801
1230847752462045184
1230849708786159616
1230850767495585792
1230851123155808258
1230946026267316224
1230946286301536256
1230947818334015491
1230949065032183815
1230950667315011584
1230952091969052674
1230953705744338944
1230955001402548225
1230956613634285575
1230958930676899841
1230959301990244353
1230948860245282817
1230945471373418496
1230945533067485186
1230945641049870336
1230946163530043394
1230947291642593281
1230947588867842048
1230949411955585026
1230950909863174144
1230950963579670536
1230951569677594630
1230951798992703490
1230953363539464195
1230954442993913857
1230954589987450882
1230954919265521666
1230955245976641537
1230955549312901120
1230956166542512128
1230957400859070467
1230958044810444800
1230945350011191302
1230946290898436096
1230947553417531400
1230950478822944769
1230950740199452673
1230953857682956289
1230954825174614016
1230956162465566720
1230957953848619010
1230946157632925698
1230946638748946434
1230947372622020609
1230947419938050049
1230947999213346816
1230950403770023938
1230950796751200258
1230951368552329220
1230951511083094018
1230952960596815878
1230953287148539904
1230955976876052481
1230956488958631936
1230956892970782721
1230956968078172160
1230957727008149506
1230954392620339201
1230945537421168641
1230947292313718784
1230948675762786310
1230949356993417217
1230952425986674688
1230955341745180675
1230956338819280898
1230945323805220865
1230947171786248194
1230947237901062144
1230947958386024448
1230950701276241923
1230955342160416768
1230959191461974027
1230960171305881600
1230946655421202432
1230946950461186050
1230950066590027776
1230952885212581889
1230953385874120705
1230954331450507265
1230954506319466498
1230955289383460867
1230955681307660289
1230956375527841792
1230952873409884160
1230959386295783424
1230959486791290880
1230959571100950530
1230952162127163393
1230950308496519174
1230957179395608584
1230948034382639110
1230948307326971904
1230954851384905728
1230955641180688386
1230955819107332098
1230958551323095046
1230946194551197697
1230946281125707777
1230954250496356355
1230958300902166528
1230959414376648705
1230945836433104903
1230946000300367874
1230946171411148801
1230946749109415936
1230946952805781506
1230948143627472897
1230948836182499334
1230948866306039811
1230949011928047618
1230949472483586049
1230949796996960256
1230950183824961537
1230950946513072131
1230951591425060867
1230952712134709253
1230953477842591745
1230954445669912578
1230954528775835649
1230956258313875456
1230956405668171776
1230956791359528960
1230956891808976898
1230957961889140737
1230958141770215425
1230959105180938241
1230959494575906820
1230959823040192514
1230960050941972482
1230953486554148870
1230947027246252032
1230957360065187840
1230957490352926720
1230958872208330755
1230947843457896449
1230951402551332867
1230958785298141184
1230781720699588608
1230791788765630464
1230794086656958464
1230780061059571712
1230782660382990336
1230779738014261248
1230779941647724544
1230780542393704448
1230782642511122434
1230782964461641731
1230783299208921089
1230783945077395457
1230787258661339136
1230787786749296640
1230789480363253762
1230790442217877506
1230790535952130048
1230792944212496384
1230793064505053185
1230793166170644480
1230794239279276032
1230781977118281735
1230785714587152384
1230791178012053504
1230779232575533058
1230779365702668288
1230779725225828355
1230779950149623808
1230780112234303490
1230780174230265857
1230780739853193218
1230781771043811328
1230781790526332928
1230782084127559680
1230782728032997378
1230782984782929921
1230783306343559168
1230783431598071809
1230783706748551169
1230783945199038464
1230783946172051456
1230783961741160454
1230784048471138306
1230784194776850432
1230784290667081728
1230784296065126401
1230786914820771840
1230787182018924554
1230787629857243136
1230788803138379776
1230789490853261315
1230790368679137280
1230791516219740161
1230792207688519680
1230792237451292672
1230793857098551296
1230794196392521728
1230794267595083776
1230789905623724038
1230779490722336769
1230783658119876608
1230783893143506944
1230784316491411457
1230790310571249664
1230791385848188929
1230792470860107776
1230782642590752775
1230783177066786817
1230787420112740352
1230789329917751296
1230790718412771329
1230791707895222276
1230780370053890048
1230780451792588801
1230781988996632576
1230782846836461568
1230782932429787141
1230783012532555779
1230783407162040321
1230783565304123392
1230783714411663360
1230783767595356160
1230784509374799872
1230787948364357632
1230789366051745794
1230789974368423936
1230790935656763392
1230792623482458119
1230792821226995712
1230793369284173824
1230783711643414528
1230784897347969024
1230785063538876416
1230785410143604741
1230790831658995712
1230779745798885377
1230782255666225153
1230783043754962945
1230783964295639041
1230784287789715456
1230785561474060288
1230788501580517376
1230790042236456966
1230794255150592000
1230784317045035008
1230784383889690625
1230786234479468544
1230786639909269505
1230787308292538368
1230790573390430208
1230791179438088192
1230779456660307971
1230779477690634240
1230779488780378112
1230779591289118726
1230779707454566400
1230779762660061197
1230779837700345857
1230780025118523393
1230780039379259392
1230780118894874625
1230780164755382272
1230780188386000896
1230780343202058240
1230780428363161600
1230780442439299072
1230780539608629248
1230780562207657984
1230780618654539776
1230780708395855872
1230780708869812225
1230780754436804608
1230780777643859968
1230781307959070721
1230781372236693504
1230781582430081024
1230781646540025867
1230781735048302598
1230782220438253568
1230782293603749888
1230782346426822656
1230782424134623232
1230782430149332995
1230782431315333121
1230782513645264896
1230782565470101509
1230782576824066048
1230782596440903680
1230782632511856640
1230782678632452096
1230782900557303808
1230782984695013378
1230783034867306496
1230783117046231040
1230783185539272706
1230783230921580546
1230783298701611009
1230783303566970882
1230783324718817280
1230783364271157248
1230783783563034624
1230783959082119170
1230783966032154625
1230784057870561280
1230784587808333825
1230786003893399553
1230786276296622080
1230786546208514049
1230787518804774912
1230787560353468417
1230787700686454785
1230788191000629249
1230788392188772353
1230788525630644228
1230788671122628609
1230788712184864773
1230788816660770816
1230788847077928962
1230788864047972353
1230788937028952078
1230788988044238849
1230789025843171328
1230789050077974530
1230789061889097728
1230789190591406083
1230789257230462978
1230789309038497798
1230789364906680320
1230789437124235266
1230789472373149697
1230789499514433538
1230789566749192196
1230789606536249350
1230789800531288064
1230789962695684097
1230789992269668353
1230790044165844995
1230790099278974977
1230790259169988608
1230790594500481025
1230790863191760896
1230790951444078593
1230790998537711617
1230791007509393410
1230791057765535744
1230791148819681282
1230791166335111168
1230791273809883138
1230791311520935936
1230791418228170755
1230791550235484162
1230791558125031425
1230791622922817536
1230791949348634624
1230791989475631106
1230792122242084867
1230792519363026945
1230792591475650561
1230792627517349889
1230792628859437057
1230792697520230402
1230792877195898880
1230793059979362310
1230793337399103488
1230793349608677376
1230793444446146560
1230794103035703299
1230794143204548614
1230780074619736064
1230787380136828933
1230787558184976385
1230779535060238336
1230794104193331202
1230779729529245697
1230779376880570368
1230779561702379520
1230782819007451137
1230785678847467521
1230787280983482368
1230787507807248384
1230791804200607745
1230793101335244800
1230793382232018944
1230780170828689408
1230781207337668610
1230781403287216128
1230782216583700481
1230782973403897857
1230783796695502853
1230785170283925507
1230788308118233092
1230791578714767360
1230792774712254464
1230793378050211840
1230793451765223426
1230793907744759810
1230886151571099648
1230892939477495813
1230899803468509186
1230892981458284544
1230899749018046464
1230886165173030912
1230886292126420992
1230886373600694276
1230886424251158528
1230886582871351297
1230887638976155653
1230888328360341507
1230888349684113409
1230888546883588098
1230888817189687298
1230889040532135937
1230894159155720193
1230894649109291012
1230897126651125767
1230899438853533697
1230885053447778304
1230887359052382209
1230890029511331847
1230893274111627266
1230896671002910720
1230887605031645187
1230888040756924416
1230888200857583617
1230889258854080512
1230890638763270144
1230891477435375620
1230892803347144705
1230894690599342080
1230895013430775808
1230896347433361408
1230896349484326912
1230897823740317697
1230897867054866432
1230899326106394625
1230899694370467840
1230899790734598150
1230884926314176513
1230886418374909952
1230889153086328832
1230893638391128065
1230894012653064192
1230898762228420610
1230884923139133441
1230886196705759233
1230886536188575745
1230894478568906752
1230895244117340160
1230896435824091137
1230899888382251009
1230886277458878464
1230887481102524417
1230889070949212162
1230892729665757185
1230893065172373504
1230893503133241346
1230893518413082630
1230895901960548352
1230896656368971776
1230897518684385280
1230898220542418944
1230898740078219264
1230898742464786438
1230899084854202375
1230899638888169472
1230899723520954368
1230886654698758144
1230898158441463808
1230896810564210688
1230896719669403649
1230896874049212417
1230899638745600013
1230885157902716932
1230886418337161218
1230888877646393345
1230889975346008065
1230891161784659968
1230891786966577154
1230892091636621317
1230892566758985729
1230892645020508162
1230895986228318208
1230897637202841615
1230885068421373954
1230888827952279554
1230897370373771266
1230897410068475904
1230884907389476864
1230885026625212416
1230886049989132288
1230886670062571520
1230887629614350336
1230887632248459264
1230887868073205760
1230888608715988993
1230889111826968577
1230889155758088197
1230890473239318530
1230890630626390016
1230890971971424257
1230891109838213120
1230891760479539204
1230891876347269120
1230892592398729216
1230892608047722497
1230893031211048960
1230893535446159360
1230893737582133248
1230894412319907840
1230894630801215494
1230895180796039173
1230895431376306177
1230895492416049152
1230895842183254023
1230895897149607936
1230896083020152832
1230896184031612928
1230896334804340736
1230896696848240642
1230897143050887168
1230898842272456704
1230898928612147202
1230899128844136453
1230899790608728064
1230897348668203009
1230886944390963200
1230893306118275073
1230898284828545024
1230899230509694976
1230887853695041536
1230890085240967168
1230892465428758529
1230893590764818433
1230894110682361856
1230895233036144644
1230896366152540160
1230897269500792832
1230897834989367297
1230824744351674368
1230826598632509440
1230832710710632448
1230834125323591680
1230837323279011840
1230824489300221952
1230827529222729728
1230828447779491841
1230824491497877504
1230825778645995521
1230826004081512451
1230826013019394048
1230826770217095168
1230826891231158273
1230827564240973826
1230831637123997696
1230832258224918528
1230832693841219584
1230832708143767553
1230833125858664448
1230834196589006848
1230834431243509761
1230834770646642692
1230837748443090945
1230838804359139329
1230839095439634432
1230832862947160066
1230836830909718528
1230825076595085314
1230826154334081029
1230826642668498945
1230826729507258368
1230827044222783488
1230827250519543809
1230827644914151425
1230827854646083585
1230828484756463617
1230828572438388739
1230828675106574337
1230829256093110272
1230829275697287169
1230830385375870977
1230831556173991936
1230832319155593217
1230833682816077825
1230833803494666240
1230834192017219584
1230834574013411329
1230834979384549379
1230835120065695744
1230835389700726784
1230835563500052485
1230837347517947905
1230837604528087040
1230837614732828672
1230837778268803078
1230837972272021505
1230838576432271362
1230839129371529216
1230824742455840774
1230825644667305985
1230828758866812928
1230830309622636546
1230834489057824768
1230824910777454592
1230826411419717632
1230829500679802881
1230837280727871488
1230829551539957763
1230829764623114240
1230831768237957120
1230832922086776833
1230833036561920002
1230833504201560064
1230834187550121984
1230835340191191040
1230837088628748288
1230837594415648768
1230824593415430147
1230825450798276609
1230827347357655040
1230828234251603968
1230829928481992706
1230830716528709632
1230832197218832384
1230833176379101184
1230834808210821121
1230835702436421632
1230836663091376132
1230839085977231361
1230825142449844224
1230835741758017544
1230838921640251394
1230826826618036224
1230827669249576960
1230832543638921218
1230838366440165376
1230825126213640192
1230826070569517056
1230830075873878016
1230830601860677633
1230832388017655813
1230834612374589440
1230836391266877440
1230837825928601600
1230835215880392704
1230835447741534208
1230824557042393088
1230824611211771905
1230824616538574848
1230824793206816768
1230825111281860608
1230825796450816001
1230825822673686532
1230825954248884229
1230826087401299968
1230826146520010753
1230826262844887040
1230826307623276545
1230826648146186240
1230826842896183297
1230827041194418176
1230827223348908032
1230827318857359361
1230827449140813824
1230827512294510593
1230827578677768193
1230827792029429760
1230827815903399941
1230827973433069568
1230828035168862209
1230828215872229376
1230828493925212161
1230828496202739712
1230828524547792896
1230829246404321281
1230829346564255751
1230829360023842818
1230829434988572672
1230829505675251712
1230830005535592448
1230830109977956353
1230830494528360448
1230831016677445633
1230831201142951936
1230831414251315201
1230831788001570818
1230832430216548352
1230832520331173891
1230833103398166533
1230833201721024512
1230833227021082625
1230833351470264320
1230833382327754754
1230833388204036096
1230833413466271746
1230833431447293952
1230834006188593158
1230834126573441026
1230834270333214722
1230834423559589890
1230834576693448709
1230834769375744001
1230835206317277184
1230835376689950720
1230835446399340545
1230835601047511047
1230835839111921664
1230836043370389505
1230836074932588546
1230836299365519361
1230836541246885888
1230836730976243712
1230836908143644673
1230836951755972608
1230837154034724865
1230837451503042560
1230837597125173250
1230837633426829318
1230837692595920896
1230837944589660161
1230838434601762816
1230838773400899585
1230839082122727434
1230839284061614080
1230839513754275846
1230826209568841731
1230835949703135234
1230836109560680448
1230824498003312640
1230826612326830081
1230830273044111360
1230834292013617152
1230835274361470978
1230836902816878592
1230837701915619329
1230824562784378886
1230833409687216128
1230833903172292609
1230813662820130817
1230813707187445761
1230817019177689094
1230817648226729984
1230810673359261702
1230814913574113280
1230816266677555201
1230809409447714817
1230819781533675520
1230823649491312648
1230809442708529152
1230809780266192896
1230809860100456449
1230811412353748992
1230811414186614784
1230813289304797185
1230813677793628160
1230814176655921154
1230814472681508865
1230814572652716034
1230815815328358400
1230816050251522048
1230816052147343360
1230816581296455682
1230817201281781761
1230818719196205056
1230820794504228867
1230820969079615489
1230821275561537537
1230823713421045761
1230823714822000642
1230824118498594817
1230816456755023872
1230810923029483520
1230812186987110400
1230813606255767552
1230814103297388544
1230815621228748801
1230816040436817920
1230816597679509505
1230816951951335425
1230816987992993793
1230819652978249728
1230822917677690880
1230823223677333504
1230809848012591104
1230817201902542849
1230820399518228480
1230821966195630084
1230810861213769731
1230814153687863298
1230816112566325248
1230820056352817154
1230820388071972864
1230811749089234945
1230813172598280193
1230814648791916546
1230816231894200321
1230817171053387776
1230817450402492418
1230818009519972353
1230818242232569856
1230818924083765249
1230818994019557377
1230819118837850112
1230820721607225345
1230823949426188288
1230809411192578048
1230811141305249794
1230817526092836865
1230818286117498880
1230818395559546880
1230820711792549890
1230823646731657217
1230823834258956290
1230813925589102593
1230810533856600064
1230810656741347328
1230810968919285762
1230811401918136320
1230811516292730880
1230813203636064257
1230814462174732290
1230814487608991745
1230816934532407296
1230817465950707715
1230817702559834113
1230817722402996224
1230817914804146177
1230819465505452032
1230821749702512640
1230823710334078983
1230824119135981568
1230824128548163584
1230810393838268416
1230810804473204736
1230818402207518720
1230809399192621056
1230809400551596037
1230809401365352448
1230809401465954304
1230809403793793024
1230809404448083975
1230809405261742080
1230809405647663105
1230809405857370112
1230809543967477763
1230809854161362945
1230810206059278342
1230810360090783744
1230810911461593088
1230811047474409472
1230811099668340736
1230811223563931648
1230811356485619714
1230811531874590721
1230811803162161152
1230811835886075906
1230811992048513024
1230812627477114880
1230812750856757249
1230813144949370881
1230813203736731649
1230813427981062144
1230813592972386305
1230813814268010496
1230814722481688581
1230814796100046853
1230815158542520320
1230815535954366464
1230816288877969408
1230816432948236288
1230816861329264641
1230817101180477440
1230817278930890753
1230817358438109185
1230817395285069824
1230817522615713792
1230818308708020229
1230818609880014848
1230818840369647616
1230819218456748032
1230819269295968257
1230819273498648576
1230819395255054336
1230820020516741121
1230820496901623808
1230820618309971969
1230820844223389697
1230821013186924546
1230821577102516225
1230823101631533059
1230823334952275973
1230823544751300609
1230823622597431296
1230823653643866112
1230824002769293318
1230824023883419650
1230824238749306885
1230809701434175488
1230818196678045696
1230822001448771587
1230811063744069632
1230814587278254080
1230819946642497536
1230823440472530944
1230809578381684736
1230809745344417793
1230810719039434753
1230811646400004099
1230812239080382465
1230812824085172224
1230813207385837569
1230813686211674112
1230813692540997632
1230818573863526400
1230819096066916352
1230820957910073345
1230822564525674496
1230823704441085952
1230824038483755009
1230810167375085569
1230811566456680448
1230811705678159873
1230813557073367041
1230815639507554304
1230816263179571200
1230817733048184832
1230818082320527360
1230821408080584705
1230823927418585088
1230824486552948738
1230933978124890112
1230935674758582272
1230935980624023552
1230937747952672770
1230939859323441152
1230941184245325829
1230941513154207745
1230942122716598273
1230942450748973056
1230943262992687104
1230943410300780545
1230931432354336769
1230939760526536704
1230941598172811264
1230930203741999105
1230930518356656128
1230931450515656704
1230931966863855618
1230932952118439938
1230933898315603968
1230933959837671424
1230934190662836226
1230934382967508992
1230935247769960448
1230935258687819776
1230935917935898624
1230936200510308353
1230937919420018689
1230938260215607296
1230938607906623493
1230940516465799168
1230940830279569408
1230941044457472003
1230942065053388801
1230944361334149120
1230930391185395718
1230931254150860803
1230932803900014593
1230933231857491973
1230933910059651074
1230936563669966848
1230937359186833414
1230938217224003585
1230939690330730498
1230940088860848129
1230942129557471233
1230944727312236545
1230930975921704960
1230932019015802880
1230934637532368897
1230935852387328000
1230936304231297024
1230937378254204928
1230937382502846464
1230938991014371330
1230939820630904833
1230944441621450752
1230939760375615489
1230934020726325251
1230934959512309761
1230936444857978880
1230940940178788354
1230930977192542208
1230931257963491328
1230933004291313664
1230933845517709312
1230934652086562816
1230935052650995713
1230935358159904770
1230935960701034498
1230938744645177345
1230939441168101380
1230939642649882624
1230940345397055489
1230944652783759362
1230930374638870530
1230930817179901954
1230931015553732608
1230931254087966720
1230933322609680387
1230934292647284736
1230934967238242305
1230937797999104002
1230940798427987970
1230941494560862208
1230942634409185281
1230942926244663302
1230942275817086976
1230944944338219011
1230930478951211009
1230936276481839105
1230941824660987904
1230931430810800128
1230931706275745792
1230931725364142081
1230932150226161666
1230932543291219968
1230935731348045824
1230937764885123074
1230937972167630848
1230938208898363392
1230939175622529025
1230939622374547456
1230945144301608960
1230930212264783872
1230931417531658241
1230943098798247938
1230930306515046400
1230930644638851072
1230931126874710016
1230931189604737027
1230931836534169600
1230931868876509185
1230932011864481793
1230932170409156608
1230932411141238790
1230932641135964166
1230933380717568005
1230934061847384066
1230934077890580486
1230934115442098177
1230936272602095617
1230937454305271809
1230937753560457218
1230937860863352832
1230938441623494657
1230939273169428481
1230940278804144130
1230940342821801984
1230940531854888960
1230940698360401920
1230940949683081222
1230941501397532672
1230941952461430787
1230942578612277248
1230942709642387456
1230943534410338304
1230943641037832192
1230943841580199936
1230943917799038976
1230944733222100992
1230930844128247808
1230931211486253056
1230930481417465859
1230934485870563330
1230935368213651456
1230936556120223744
1230939355998543872
1230940704635064325
1230931363278262287
1230932290429169665
1230933252740874242
1230933448786894849
1230933879541903362
1230935675140177920
1230936009296240640
1230938242805108736
1230938996907347968
1230940238068973570
1230943017000984579
1230976148647088128
1230981545000869890
1230981609731444736
1230982220413882369
1230985108909416448
1230985367123185665
1230990234889920512
1230983395590758400
1230977005576867840
1230977221415796743
1230979776002674690
1230980174289809409
1230980343747842048
1230980567468007424
1230985435293216768
1230988109132771328
1230989138385670150
1230979231154417664
1230984459094315013
1230976073531363335
1230976457821818881
1230977017279021057
1230977184887644166
1230977815627124739
1230978032514588673
1230978430134554625
1230979377191583744
1230980047722418176
1230982545950625793
1230982614485524483
1230983211179790338
1230983685291286529
1230984935462309888
1230979358069870592
1230976818930487296
1230989039987298305
1230984771628675072
1230984811034140678
1230989317960617984
1230975699160379395
1230977178294276103
1230977685268189184
1230982498575888384
1230982664724926464
1230975887060893708
1230976544346116101
1230976630954319873
1230978012260315136
1230979231540269057
1230979250469122052
1230979585992462337
1230979867233181698
1230981363605655553
1230983245971542027
1230985094757785602
1230985586552590337
1230989113106587653
1230989797705076741
1230989957977735168
1230990137754083338
1230990209325686786
1230975563109629953
1230976877969444864
1230975579194785800
1230975757561847808
1230976583319642112
1230987953742254080
1230978251100762118
1230984407424655360
1230986341875376128
1230976529309536258
1230976665226010625
1230976898823598080
1230977138624540673
1230977816012951552
1230978044115943425
1230978350623199235
1230981228444213248
1230982398919299072
1230982942438150146
1230983203365756929
1230983634573721600
1230983761522823168
1230984025667522560
1230984223588306944
1230984264172417025
1230984516677836800
1230984680222154755
1230985281958031366
1230985733869121536
1230986464768516097
1230987084342669313
1230987138306539525
1230987974806003712
1230988276959469570
1230988363857092609
1230988603032993794
1230989216739401728
1230989682852401152
1230990110029754368
1230975749286436865
1230979722483556354
1230985864601391104
1230988797590065152
1230989931822145536
1230978569452564480
1230978949695574016
1230985353848209409
1230988062546649088
1230751518246096897
1230751519378554882
1230757202631114754
1230760503024111616
1230761916651323392
1230749478077882368
1230749924066648067
1230750603657134080
1230750694421843970
1230752022531457026
1230754027643621376
1230754745700143104
1230755308437295106
1230756578938122240
1230756658227236865
1230758629185216512
1230760311017181186
1230760353010597888
1230761002062336005
1230761121340018690
1230761320812646400
1230762533914464256
1230752208381071360
1230749073159811072
1230749220883222530
1230749781745496064
1230752464749481985
1230753757895376896
1230754166206681090
1230755526000013317
1230755826765156357
1230756458813218818
1230757213523697665
1230758396283908097
1230759636233420803
1230760186291216385
1230761125186138112
1230761269549944833
1230761484377968640
1230761552573124610
1230761617303846913
1230761926050770949
1230763340428763136
1230763689109680129
1230763721829449728
1230750413470588928
1230761485174898689
1230761965900840967
1230749442115899393
1230754811215142912
1230755244302196736
1230756671443460100
1230761340421066753
1230762547902480386
1230749216760184833
1230756088904962054
1230763118558470147
1230749686228602880
1230749993771814917
1230750464972480513
1230752024557322242
1230752252085727234
1230756718134456321
1230757131336314880
1230757391303507969
1230758756272574465
1230760313785483266
1230762144800497665
1230763903103037442
1230759740705128449
1230750676684132354
1230755180628467712
1230757763304673280
1230749283176943618
1230750633801572352
1230750942171029506
1230751816419176450
1230751915186651141
1230757379479719941
1230757647495749633
1230759570139537409
1230759904777920512
1230760828686614528
1230762241261064192
1230763177912098817
1230751489028575232
1230754392137064450
1230754784145096705
1230749373396480000
1230749395043287040
1230749520528470018
1230749997039157249
1230750135350480897
1230750142006874120
1230750791356411910
1230751306387619841
1230751331482161152
1230751402730745856
1230751414923624448
1230751560981831680
1230751737213931521
1230751829845086209
1230751837885566986
1230752172259733509
1230752234884853765
1230752361515118594
1230752417915949057
1230752492016635906
1230752558999728134
1230752727820455938
1230752825275121667
1230752903586934784
1230753145698967559
1230753542538850309
1230753943531089920
1230754135948939264
1230754506222100481
1230754955612393472
1230754980115599362
1230755080451739648
1230755274421493765
1230755563866218496
1230755846977507330
1230756566036443138
1230757000000102401
1230757248659415040
1230757251377291264
1230757255626145793
1230757259673661440
1230757261565251584
1230757262928400384
1230758294425239559
1230758440269574145
1230758781803356160
1230758796663738372
1230759201762242565
1230759249380167681
1230759611365392385
1230759731792244736
1230759753963327489
1230759862583230469
1230760308752318464
1230760832323088384
1230761785751265280
1230761898078953473
1230762494882267136
1230763340411990019
1230753319305371650
1230754530117091328
1230757247174627328
1230749585640808450
1230749735033507841
1230749919293476864
1230752584085823491
1230756983671705601
1230757189926543361
1230757425336074240
1230759276932550657
1230762292855230464
1230763620297920514
1230755150664359939
1230761548320108545
1230762223926005760
1230763162829344769
1230763213572042757
