1228154202997673988
1228152612576382978
1228165659785220096
1228152017563996165
1228099833652809730
1228102876569927680
1228097032570707971
1228106568731889664
1228104004057608192
1228091601873965058
1228103331886895105
1228105238483283968
1228095149529587713
1228101174655627266
1228095268018675714
1228097823905808386
1228100591387324416
1228102802620264451
1228103311267635201
1228103913901109248
1228091922205507584
1228093760212328449
1228096448002129923
1228099253588938755
1228102010920198144
1228102509694197760
1228092066409975810
1228092443108823040
1228095751986782209
1228102110560034817
1228102311333023744
1228099105462849537
1228098035642781701
1228092518778228738
1228094541313515521
1228101687170281473
1228093332104138752
1228094206436134913
1228095400516648967
1228098389113495554
1228098421673754624
1228098995282731009
1228102833687474176
1228185551695515648
1228191201972502534
1228191379496419329
1228192510159142912
1228192827923779584
1228194860168970243
1228182593134157826
1228196977042542593
1228192655881859073
1228193083373670400
1228184874424524801
1228185437526581248
1228191853129826304
1228192735170981888
1228192907842048001
1228194027213737985
1228195623825887235
1228189319233359873
1228184231517376512
1228184235711717376
1228194239286169600
1228185780322852865
1228195696693501953
1228185168386510848
1228188296209022976
1228194426268209155
1228195036212281344
1228195694881587201
1228183419961532426
1228182076777811968
1228192296845205504
1228183274528264192
1228190692121313280
1228260327051202561
1228260346613420034
1228260367580700673
1228261982744260609
1228264584588468225
1228265124236079105
1228268006079377412
1228269075945705474
1228269556105433089
1228271109457530880
1228271591282348032
1228269711982579718
1228257929821933568
1228259949756796929
1228261396183318529
1228261845401767937
1228262125103013889
1228262309115629569
1228263003478355969
1228263004686311424
1228265053083836416
1228265524343246848
1228266145372753920
1228267920557363200
1228267977130356737
1228269033704894464
1228269069440311296
1228269307806846976
1228269634845073408
1228269823165112320
1228270324065673217
1228270534481371139
1228270790606454785
1228271182258089985
1228272481066196997
1228272600201207808
1228258106578259968
1228258581805510656
1228264317499379712
1228270953299349504
1228258980906065920
1228268866511523840
1228258176719577088
1228260549613572096
1228265952963371008
1228266397807058945
1228270302024564737
1228261322271416323
1228263278746402816
1228265548271714304
1228257712082804737
1228260876320411649
1228264022967046144
1228264809138917376
1228265198286516224
1228266290227351552
1228268231934324736
1228269251863175168
1228270017206202369
1228270142867546112
1228270674810155014
1228270945607077889
1228271112456429571
1228258939785154562
1228261270572404737
1228264682466750465
1228267011295367169
1228267750696587269
1228267877301616642
1228268543835344896
1228268640178491392
1228268791622225920
1228269475608264709
1228269621905690625
1228270484581732353
1228271724711546881
1228271893783949312
1228271900650024960
1228272026080698370
1228272162940817408
1228259456275927041
1228260698909806592
1228257822078574597
1228258407469256706
1228259270552100864
1228259392899993607
1228261704204783616
1228262194976108545
1228263765474529280
1228264052209614853
1228267206875766790
1228267340892196869
1228268223461806082
1228268665973465088
1228269376358449153
1228269985719607297
1228270163482550272
1228270345146294272
1228270420224331776
1228270551082426368
1228270677779632128
1228271734534660097
1228272612456980480
1228270531440455683
1228257823710117889
1228262781826281472
1228263646209413120
1228267308122083328
1228259225224318976
1228260618714701824
1228261260594229248
1228262996394348544
1228268676043988992
1228269509619920896
1228265378180206592
1228260943790034944
1228272626533093377
1228268847834312705
1228261416957861888
1228258500117221376
1228259713399259136
1228260894775431168
1228261130876997632
1228262810620219392
1228268332744429568
1228269903163088898
1228262578821959685
1228263738870059008
1228264141695201281
1228264469219991553
1228271447824576512
1228271745905446913
1228366770479796225
1228367890665132032
1228376927649566720
1228373840671232003
1228363351027265536
1228369085148401669
1228369232112517120
1228369932468908032
1228370161289302018
1228370834730954752
1228370947561967618
1228371129582133253
1228371550006644736
1228372020670476288
1228372366792822784
1228373227430404096
1228374724243226624
1228374741167333378
1228375102984728578
1228375205120217088
1228375293183823876
1228367256922529803
1228367901473808385
1228368294710796293
1228377725712445440
1228367101116764161
1228373222682284033
1228374472081715202
1228375223210258432
1228376323325861888
1228369413574942728
1228363821980508161
1228364639769108480
1228364665073238017
1228365367963213829
1228366389217570816
1228366595518586880
1228366738028474368
1228366941271842816
1228367259447549952
1228367439378964480
1228367618370875392
1228370005512814592
1228370336695115776
1228370475786653698
1228371301187932160
1228374265004797952
1228375717790015501
1228376354229555200
1228376432570703872
1228376681909538816
1228376744656351232
1228377887331340290
1228364553605591040
1228366183545671680
1228366671183843328
1228371106282733569
1228373035696185349
1228373233340211200
1228375290738597890
1228376610346356737
1228364133961216004
1228364730017906689
1228364890739478533
1228365205522042880
1228365632653156352
1228365671546834944
1228367988472111106
1228371683800682497
1228371712984485892
1228373753052246016
1228374979965833218
1228365586314428417
1228366712170569735
1228367631075434496
1228376768014438400
1228377640391921665
1228363341204279296
1228363605969637376
1228364174071336961
1228364262650843137
1228364621255520256
1228365232176848897
1228365546900590592
1228366605224235008
1228367737325527040
1228370076669218818
1228376780001759233
1228377619785273347
1228378274251841539
1228365592865931265
1228366972980781062
1228372294298406916
1228367255639117826
1228370785665998855
1228376402996670470
1228376607926226951
1228377921900941314
1228378098942476294
1228378176096817153
1228363311512682497
1228363386066477056
1228366414509154310
1228366654230450178
1228367832582443010
1228367834436308995
1228368943531929602
1228373066444570625
1228373872493330432
1228425735750156297
1228428363288674306
1228423850372800518
1228425195947315200
1228426595494481926
1228428472189669377
1228429192729112577
1228429910949158913
1228435936658305024
1228436122742796289
1228437010542682114
1228437361190723584
1228437531345276929
1228438152274071558
1228438388321275904
1228438730647703552
1228427881757519872
1228428098254839808
1228430841182904321
1228434466512744449
1228426739883368450
1228427211868397575
1228432532447911939
1228432562948886528
1228433099157114881
1228436022603796480
1228424009127165953
1228426761412763649
1228429075091423235
1228430083825774592
1228432905095065601
1228426873903943680
1228428920212611074
1228429460640235521
1228431060612067329
1228431187066015744
1228433314287116289
1228433898167832582
1228436662298009601
1228431028953415681
1228434292734398464
1228437066280787968
1228437747943321600
1228425142944006145
1228425551486111746
1228426060146106369
1228426248529072128
1228426347095216128
1228426422827483136
1228426509259591681
1228426605376262144
1228426669955985412
1228426742357987330
1228426814365880321
1228426886944034816
1228427024928251904
1228428837823766528
1228430977245929472
1228436680258064385
1228426663110889472
1228436445276315650
1228436677011689472
1228429246886039557
1228430343012802563
1228432277924982786
1228432310783160320
1228432820600803330
1228433102504108032
1228433199207981064
1228433476044632064
1228434040237240320
1228435181649956864
1228435563059040256
1228435673834803200
1228435860057710593
1228436025728479232
1228437010018447360
1228437062011039745
1228437924108292096
1228423727303536641
1228428908116217857
1228432389556383746
1228425054444232704
1228426742232223745
1228430912024608768
1228436013334138880
1228436198504398852
1228437527989833728
1228437790985195520
1228336018060906496
1228337103752351745
1228342466207719426
1228344554094563329
1228335490430128128
1228338504758890499
1228341756321771521
1228342009636818948
1228344596490575875
1228340044370522112
1228340873672482816
1228345969198206977
1228347552665391108
1228338104798470144
1228338104857067522
1228338105016557568
1228338105159053312
1228338104983080960
1228343398169485312
1228343947782762500
1228344370824404994
1228336861392900096
1228338007184461824
1228338447426912258
1228343382797430786
1228333665110970368
1228333800779894785
1228335873126739969
1228336227449032705
1228338449998123009
1228341897443315712
1228342935508455424
1228344054339031042
1228345128898744320
1228346355493613568
1228347532452990978
1228333224054661122
1228333930195148800
1228334643897913345
1228335269788733446
1228336403081240576
1228336679313969159
1228336805885435906
1228336863343235074
1228337485685624835
1228337871087644673
1228339636059168774
1228340577940463618
1228341613623115777
1228346298455199744
1228346759212081153
1228344175403393024
1228335830290354176
1228333269164445696
1228334159648698368
1228334194876698624
1228334735895691264
1228338786859388928
1228339834915348481
1228342393306480640
1228342867787223041
1228345577911529473
1228346902019821568
1228336533465436160
1228345727639834627
1228347780814561282
1228334415937523712
1228334700005076998
1228335020152164352
1228335116386291714
1228335590300692480
1228335635410411522
1228336571084165121
1228336659802054658
1228336926396223488
1228337208366596097
1228338416766586880
1228338696694484996
1228338776310767618
1228339653171982341
1228341554663895040
1228342568523575297
1228344313240788993
1228347795784052736
1228345598178463744
1228344231116312577
1228339160307707904
1228338119323373571
1228333429722361856
1228333803787235328
1228335272129105923
1228338576166981635
1228338904576724995
1228342838414520321
1228346922433490946
1228337539527868419
1228341918687547394
1228341924773449728
1228347190462107651
1228411691957989376
1228416908686393344
1228417055927554048
1228422493943234560
1228423021960089606
1228408649476952065
1228414353793093632
1228408574419693568
1228412101397504016
1228416003350069249
1228418111365406721
1228418162800152578
1228418179736752129
1228420533806460929
1228410545453309958
1228410568673026048
1228414501072130051
1228408944630038530
1228409189946580993
1228409268350717954
1228409505454706689
1228409822040772609
1228416951741034499
1228408794205622272
1228411907515785222
1228412343039774720
1228413855681908736
1228414957110415361
1228416234426961920
1228419012872298498
1228408776232984582
1228409785802018816
1228410351152254976
1228412183568101378
1228412720149680128
1228416358364450818
1228416359756857351
1228417378515668999
1228418764275929088
1228422549014536194
1228411106026233857
1228412372475404291
1228415437295276033
1228420707568230402
1228415986031845376
1228416824108355584
1228418062824693760
1228410426100191233
1228411649914175488
1228414791309500416
1228415882868580352
1228416051509067777
1228417683990945793
1228418157649461249
1228419215704645633
1228419539869761537
1228410029080031234
1228411164796821507
1228412627652665344
1228413343712628736
1228413935780536323
1228419074729877509
1228419424056758274
1228419724536664064
1228420621325012992
1228421545690828802
1228408618636251138
1228411323328933889
1228410209728651264
1228411610689101827
1228415177684594688
1228411337795162113
1228411543571791872
1228419731385962497
1228420407167987712
1228409555954098177
1228412599085273089
1228414145919422464
1228417197946658819
1228418263115272198
1228419021495787521
1228420704594464769
1228420775125884929
1228197323391455234
1228201101351997442
1228209101718507520
1228210948705382401
1228197821599215617
1228199963709952002
1228204351736279040
1228205039795105793
1228205437574471680
1228205938693197826
1228209528849592321
1228210847396139009
1228210031612452870
1228210218267377664
1228210383279640577
1228210483825500161
1228211089776578560
1228211257439739905
1228211276829954050
1228198467052302336
1228200049768689664
1228201078073651205
1228203935455834114
1228205696744751105
1228208765121380352
1228198365835321344
1228199112786341888
1228200215766695942
1228204685628018688
1228207505047601153
1228208344524976128
1228208769097580546
1228209215392473088
1228210429920305159
1228212169671471104
1228212177640685568
1228206228330860551
1228209276696399872
1228198876147929088
1228199017953124352
1228200671880466435
1228200950814216195
1228202090775711744
1228204355775418370
1228207879397597184
1228208475714412544
1228211669479772160
1228212173635088384
1228205750310170627
1228208114303823872
1228209159474012161
1228210013509808129
1228210545456607233
1228210925867433985
1228206389647904768
1228209422272360448
1228208110776356864
1228197803186241537
1228201991999901697
1228204047632486402
1228199047363624962
1228200039152902145
1228201419334795269
1228207816856354816
1228208406181232640
1228210724809273344
1228144091914854402
1228147335214948352
1228148421762146304
1228139506785751045
1228137118515580928
1228150588124254208
1228140226222141445
1228145497761730560
1228273711649783812
1228278665810604035
1228280270765412352
1228284167785517056
1228285234887700483
1228276033419456513
1228279104824336384
1228277174131707904
1228272891684433920
1228273227954298880
1228273448733954049
1228273480040239104
1228273644809445378
1228274024192540672
1228274031633281024
1228274382587514880
1228274582232141824
1228275350234333184
1228275382312460288
1228275559337250816
1228276805834072065
1228277742199877633
1228277868251222017
1228278811424325633
1228279506730913793
1228279525173334016
1228279896004272129
1228280557865492480
1228281113266860034
1228281182099558400
1228281291403091973
1228281856791121920
1228281998285758464
1228282095874777088
1228282434439073793
1228282496103567360
1228282497370222592
1228283549658337280
1228284055147499520
1228284632728326144
1228284923645190145
1228286662247112706
1228287060437536769
1228287551087218688
1228272834721480704
1228277337671839744
1228283705136906240
1228284770620186624
1228283059025403904
1228283278794293248
1228287129157095427
1228274317911379969
1228273969461112834
1228277888602034176
1228275275730952197
1228282172290871298
1228272794271723525
1228273046705840129
1228273580951179267
1228275127995060230
1228279913125416961
1228283855192444928
1228272956985544704
1228272961515335681
1228273307801260032
1228273942525173760
1228274119092973568
1228274364434411520
1228275872886673409
1228275955589943296
1228276126952411137
1228276543014699008
1228277525387862016
1228278236557144064
1228279137686650880
1228280787398643712
1228280932240699392
1228281242279264256
1228282255249944576
1228283270762287105
1228283330858278912
1228283553361821697
1228283579131711488
1228286648321966080
1228286655146188800
1228287522679271424
1228273472511660035
1228273599590621184
1228273659795648513
1228274062151032832
1228277731089158144
1228278455747346433
1228278834325282819
1228279467828748288
1228280509924626433
1228280733338349569
1228281102021820418
1228283892030984193
1228284458278801409
1228285679140048896
1228286742156992513
1228286811245613056
1228287235172159489
1228287412620521472
1228287733220696066
1228277897791758337
1228278160531296256
1228276035445235713
1228279999641391104
1228273318622416896
1228273651696488448
1228273880286056449
1228274723727036416
1228275058902208512
1228275958467022848
1228276451176218625
1228276497208741889
1228276864625643526
1228276923589107714
1228276968719888385
1228277305270841344
1228277611132071936
1228279903289847809
1228280881049198593
1228281895705817088
1228282934819508224
1228283243159486465
1228284153088630784
1228284399810154496
1228284586955812864
1228285557899284481
1228285763621720064
1228286835358609409
1228287411118936065
1228272704027025408
1228277671634833409
1228281246524084225
1228281723412271104
1228286588905492481
1228274316346830850
1228276107448901633
1228280438868803584
1228281183177453568
1228283640070778885
1228283683775434752
1228284553816629249
1228287415229374466
1228286192044691456
1228287603096551425
1228272704022814723
1228273579072131073
1228276471497707520
1228280382413557760
1228282488230825984
1228285008663719936
1228273500261101568
1228276210037219329
1228276626158473217
1228276947811291136
1228277049946705920
1228278856148123649
1228279310798196736
1228280125747187712
1228280216084254721
1228280632473722880
1228280972862464001
1228281294611763200
1228282546733146112
1228283502313058306
1228284160353226752
1228285402680823808
1228285412197699585
1228285459027156999
1228285825982615552
1228286737841033216
1228286873908449280
1228126091056824320
1228126092034105344
1228126098778550272
1228129619112419328
1228133771368513536
1228131288810500096
1228134681092202498
1228131124456677376
1228132751402061826
1228124037735493632
1228129984214163456
1228124342824980481
1228131787760717830
1228132625522536449
1228133741094109191
1228134617523408896
1228128437430296576
