1229879837130665992
1229884889891266563
1229874998002814981
1229873722812702723
1229873815628525571
1229874782847610881
1229875553529929729
1229875591001837571
1229875746178523138
1229875910784036866
1229877165312954369
1229877189597900806
1229877883688116226
1229879845880057862
1229880525659070464
1229881431159181323
1229881746121994250
1229881764270759943
1229881853630349312
1229882021016719371
1229882975627640833
1229883221929865223
1229883775024345091
1229884978340810753
1229888161951690754
1229873575378722823
1229874672113790979
1229876822004899841
1229877775944814593
1229879807342764037
1229881841492070404
1229885557100220421
1229886494850142209
1229886610256355330
1229886886463836162
1229887143465668608
1229887433854111745
1229887837111226368
1229879904151449600
1229884553319284736
1229873915624906760
1229875690411040768
1229878109085863938
1229873421472935936
1229876308815077376
1229877247391215622
1229880852978466817
1229881578869882880
1229882103715762176
1229883146348441605
1229886227115053062
1229874636348936193
1229875244707569666
1229876968969195523
1229885099509870592
1229875196091404289
1229876107832365059
1229874824647979010
1229877885055295489
1229880025429630976
1229880802902712326
1229882192026853382
1229885455379943424
1229885897438564352
1229886919661772801
1229887781649952770
1229876265764741121
1229877535984537602
1229877836246372357
1229879648248631300
1229886460486131713
1229873218988707843
1229873573688414209
1229875306581909505
1229883344822980609
1229885455119921152
1229885631200923648
1229888097631911936
1229873286928064515
1229876216787763208
1229882536924471296
1229883075007524864
1229884488131452928
1229876613711572993
1229873844820770819
1229874224204075008
1229875032735834113
1229875506226573312
1229875773022097410
1229876098051211265
1229877837739544579
1229877969050624000
1229879756180611074
1229881201109938176
1229881589695438849
1229881619588243456
1229882061294645248
1229885013090545664
1229885383195987969
1229885864043565058
1229886598126411779
1229886679432953865
1229883513136144391
1229887509150281728
1229710915500748800
1229711485988986880
1229712089436033025
1229712256482598914
1229713461380337664
1229715473299910657
1229717101461606401
1229714281467392000
1229716221504958465
1229707550481887233
1229707746422988801
1229707813959749633
1229708169309556743
1229709141695967233
1229709247061032960
1229709441626497024
1229711451541118976
1229711697214136322
1229712039683088384
1229712811749715970
1229712943467651074
1229713623314026497
1229714727695273985
1229715383847981056
1229716070878986240
1229717476273008640
1229718084132331521
1229718561284743168
1229719396089810950
1229721027665592320
1229718963040477190
1229716191633199106
1229709199078195200
1229712948152750082
1229713643509604353
1229714022410444800
1229714208637452288
1229714250341474304
1229714497398505472
1229714530038665223
1229714696665812993
1229714932637237248
1229715210883260416
1229716433271173132
1229716663307771907
1229717051465400322
1229717415887540224
1229720297017872385
1229721640025690112
1229719362317234177
1229711285908115459
1229713409651937281
1229716049240711170
1229719312669270016
1229719604282494976
1229720819099717632
1229708388843610112
1229716240689762305
1229717424225882112
1229720788414140416
1229707130174918657
1229709673625980928
1229709903767523329
1229711042156081152
1229711404355092480
1229711418456453120
1229712148747735040
1229712359834443777
1229712366591447040
1229713087844036609
1229716091896827905
1229716810045566977
1229716920720646145
1229717497257103362
1229719068942520321
1229720760475889666
1229722063805599745
1229711937656754176
1229711964856897537
1229715548277219328
1229721649504755712
1229708191111483392
1229708846618288128
1229708900078886912
1229710283582521344
1229710659689930752
1229711594919206917
1229712158952448001
1229712952791588864
1229712992960491521
1229713536995254272
1229714315315490816
1229714827150536704
1229715013541167104
1229719847002673153
1229719852102955010
1229721398576324617
1229721762348380160
1229721848323231745
1229722061611945984
1229710472305401857
1229707968964448259
1229709374135861249
1229710023133220865
1229710134538047488
1229711400576176134
1229713432154443777
1229714359418544128
1229715523279183872
1229716966623059971
1229720868961517568
1229709055226253312
1229709073232384000
1229709820363669504
1229710048315805696
1229710445981917184
1229710474272477185
1229710857971564544
1229712237994049543
1229713266814877696
1229713700153675776
1229714174751670273
1229714660112437248
1229715446389182464
1229715778120880130
1229716496017956865
1229718084262486016
1229718479630225409
1229719213901860866
1229719217093652483
1229719369405599744
1229720205322051584
1229720674249388033
1229721048813359105
1229721574619697152
1229721952824283138
1229721967554650112
1229707383015952384
1229708482804359168
1229708522847449093
1229711293197832192
1229711757838553093
1229712520111382533
1229712639317680128
1229714207106588674
1229714802081181696
1229717205438337024
1229720371391324160
1229720459073269761
1229721263062556673
1229721576712568832
1229721612150284288
1229708235961225216
1229711244904554496
1229711852512346112
1229767773158608896
1229775119272337410
1229776946713722881
1229777107020058624
1229777173705302024
1229771384894652417
1229775049298718721
1229777921423835136
1229768836473335808
1229770903250182144
1229771660535959552
1229773472492138497
1229773728030109696
1229775160204578816
1229775399313444872
1229778170980831236
1229778675551305728
1229780115132805123
1229780959094038528
1229772010500349952
1229776974035464195
1229778195286822913
1229780547565694976
1229769214342434817
1229771257111072768
1229772940042022912
1229773819373654017
1229774587686244353
1229778595326889984
1229781480169230337
1229781262602207233
1229771090173534208
1229770632021364738
1229772368685518848
1229773989049970695
1229774508254531585
1229775499758575616
1229777242579927040
1229779372007096320
1229779690157592577
1229769776123326464
1229770586068586497
1229772565440335873
1229774836731387906
1229774933619826689
1229775772266717189
1229780688892780544
1229782003479826433
1229768508898238466
1229768960574414853
1229769756166807553
1229771330297507841
1229772080679473154
1229774804280119297
1229776990825259009
1229777024920756225
1229777731916881921
1229778206514872322
1229779163353096194
1229781408455053313
1229782354593538049
1229781256923176960
1229774459201970176
1229779270874128385
1229782126020591616
1229773237070057472
1229773960918839297
1229774489145217024
1229777813210910721
1229767572482121728
1229771211212820481
1229772636978319361
1229775147428646914
1229778536866734081
1229780515789713408
1229770332917108736
1229770004658257920
1229767524234878977
1229769281912659968
1229769568014536705
1229771243274063873
1229775322981240832
1229782572546306053
1229770085356777472
1229774124974854151
1229775033091923968
1229775645917503489
1229775811596738561
1229776183983771648
1229776308114206723
1229776570610569216
1229777583732117504
1229779942172315651
1229779996387840000
1229783630546980864
1229784451556814848
1229785884817600512
1229785918598311936
1229788980838895616
1229790405975248897
1229792825736335362
1229794947949383682
1229795410144829441
1229784263526092800
1229794396670844928
1229792825497325568
1229796352558845953
1229784190662696962
1229785818971168772
1229785818979602433
1229786710948634624
1229787060472598528
1229787393554812929
1229787616922521600
1229787674552291330
1229787756563435520
1229787934984953856
1229788623765196801
1229788980196958208
1229789148975898624
1229789242550779904
1229789496155279360
1229789639348817922
1229790543628185600
1229790840463249412
1229790892619436032
1229791620813467649
1229792215175778304
1229792584182226947
1229793221879922689
1229793761384914944
1229793973679611907
1229794087139717123
1229794331680280577
1229794582512185344
1229796557530320896
1229796579378442241
1229796750455660546
1229791023318126593
1229795262408859650
1229795658816770048
1229784262062346241
1229784725260263424
1229786287923703808
1229787956501786629
1229792723223400448
1229794724535504896
1229797720866664454
1229788198844452864
1229793417292636160
1229783890799333376
1229783962916212736
1229785143877001218
1229791960111747073
1229794298721394689
1229795095861506050
1229795457326616577
1229782862305603590
1229783600456925185
1229785786763051009
1229788574436003840
1229789597833596930
1229794430577672193
1229797668047769600
1229787865187520521
1229789958002663425
1229789975979446274
1229794881939419142
1229795410362929158
1229796033854656514
1229792148578541569
1229785856883482624
1229787743540125699
1229789503864344576
1229783140245241859
1229783533004247044
1229784054997929987
1229784666103779328
1229786148521873409
1229787193792770049
1229788298106699776
1229788705939959808
1229789443583815682
1229789478052601857
1229791693282717696
1229792026855706626
1229794638392942593
1229795346919780354
1229796030130028545
1229785090802274305
1229785528104603650
1229793197896933377
1229787701886537729
1229794146589773829
1229794948423311360
1229795043067748352
1229796575075020800
1229797192115916800
1229791219934547968
1229786484980568066
1229782735662780418
1229782765891182593
1229782794152402944
1229782966471135238
1229783691695738882
1229784611129090048
1229786049678921728
1229787204811214849
1229788021089849347
1229788461634334721
1229788813272190978
1229788940976128002
1229790175158554625
1229790323980820481
1229792301305733121
1229792867318714370
1229783208553828352
1229784573057359873
1229722466114777088
1229724020628754434
1229725386071777280
1229725781716324352
1229732904911212550
1229735548622909441
1229735965004124160
1229722229707083776
1229725254680866818
1229725409668980736
1229726193936674822
1229726271967502337
1229726680207568896
1229726686771646466
1229728306787999748
1229728774163320832
1229729857170485249
1229730181516079104
1229734102951235584
1229735383543492609
1229736186975072256
1229736329463914506
1229736344085319681
1229736707655786496
1229736779613396998
1229723576028278784
1229724929177899011
1229725019833499648
1229725701546422273
1229726139272368128
1229728427554504704
1229728764071940097
1229730188038111233
1229734653487206400
1229734987295010817
1229735907743424522
1229736787616174082
1229736860378857472
1229723322558144512
1229731054224859139
1229731293354692609
1229731295216971776
1229737165254537217
1229722378814529536
1229726814022590464
1229727273026293761
1229728622040227840
1229730763156918272
1229731363756048385
1229731953492025350
1229725157415096320
1229727515553550337
1229727604544081920
1229728606722588672
1229729128825356288
1229729576240238592
1229729812354347008
1229736694968201217
1229722819870760960
1229722865877966848
1229723869918810114
1229724139189043203
1229727982383763457
1229729687267610630
1229729930122027010
1229729936283521025
1229730359039995904
1229730455248916485
1229731659576205313
1229731800802443264
1229732050330116096
1229732465897623552
1229733584036139014
1229733936923725826
1229735356850790400
1229735671566405633
1229736374573633537
1229725997735534593
1229735446235795456
1229722298648866816
1229722785418752000
1229723439625383937
1229723710363459585
1229724331820953600
1229724596292718593
1229725349405233152
1229726065662230528
1229726194289061888
1229726456059699202
1229726681608474624
1229726855105781760
1229726940459945984
1229727176087556097
1229727365686755330
1229727504048500736
1229727559836950528
1229727919553032193
1229728439806156800
1229729186857803776
1229730063752613888
1229730718726721537
1229731458987831296
1229732354073206785
1229732668193091596
1229732694084530176
1229732982161891329
1229733417757085696
1229733506772881408
1229733805193355264
1229734437912535042
1229735556868902913
1229736241760960514
1229736417657589760
1229729980831195136
1229722498872348672
1229722247067205633
1229725264294424577
1229727402093432833
1229731858549760000
1229734087830708227
1229734513435201536
1229735281395453952
1229735596043755520
1229727408930115584
1229734753030541313
1229735949548105728
1229676935963389952
1229676937175539713
1229681970352922625
1229685636283731969
1229687009431707648
1229688637740085248
1229689516199481345
1229681086906630144
1229680795633291264
1229676994369118208
1229677565419249664
1229677565704466432
1229677634956689408
1229678537398988800
1229678766710022144
1229678769188855808
1229679080900972545
1229679526747262976
1229679950195765248
1229679950627852288
1229680131431698432
1229681716651937794
1229681718384373760
1229682071616081921
1229682467696709632
1229683019541360641
1229684806210007045
1229684890410668033
1229685163099140096
1229685462798827520
1229685595846402048
1229686200220426247
1229686301273624576
1229690102647066625
1229691300158595073
1229691774366625792
1229686310421647360
1229687915535650816
1229691114115956736
1229679029269168128
1229679370538803205
1229679495730335746
1229679705739100160
1229680948532465666
1229681442868862976
1229681500293140480
1229683047458578432
1229685591828291586
1229686700428996609
1229689028372520961
1229678316271099905
1229679581432557569
1229686162647855104
1229682988578934784
1229688652302815234
1229683012167749637
1229689708843880448
1229691469469974530
1229691525627613184
1229678779167105025
1229680455156367360
1229681708238360577
1229685536274731008
1229685589336887296
1229685784812425216
1229685808258519045
1229687709519818752
1229689806071959552
1229679203332784130
1229679321582882816
1229679367795724288
1229680276344889344
1229680503009300482
1229681671957553152
1229683974810865665
1229684525548089344
1229688167214743552
1229688892699369474
1229689692305739776
1229691261407440903
1229691768486137856
1229684968399523841
1229691214779293696
1229676941256601600
1229678095139065856
1229682237043507201
1229676943488016386
1229677499862409218
1229677859532345344
1229678196708253698
1229678918724210688
1229679433189142532
1229679719085494273
1229680439838806016
1229680619753365504
1229680794827993094
1229680817749856257
1229681146218340352
1229681644493295616
1229681913503330304
1229682258392616960
1229682290210545665
1229682720399331328
1229682875789905920
1229683173409382400
1229683225867378688
1229683234616872961
1229683370927329281
1229683714424111105
1229684246924709894
1229686085212614656
1229687445698023424
1229687877338005504
1229687879489794048
1229689726329872384
1229691663443886080
1229677065965916165
1229678400513728512
1229682340311465984
1229682783594917889
1229689948334325760
1229677437207941122
1229678134322171906
1229679027406954497
1229679497655603201
1229681266385195009
1229682426173100032
1229684012018520070
1229685392900788224
1229687906169769984
1229688166908645376
1229689092142706688
1229689396280070144
1229690673189785600
1229688949238616065
1229677469516603392
1229677125864742912
1229680685855789057
1229680734983643136
1229680739295399936
1229680775337054209
1229681312690319361
1229681496212099077
1229681876354392066
1229682507660046336
1229690068568334336
1229677041068453889
1229684428290580480
1229688372840599552
1229688435495067648
1229688637719269376
1229689768239300608
1229691017118584833
1229737487976685569
1229740416368553985
1229744880538259456
1229745777301389312
1229745933648310273
1229746353561047041
1229746388524728321
1229738213952147456
1229738323196948485
1229738504122458112
1229738510237741057
1229739496163467265
1229739733795864578
1229740548015128576
1229740550401798144
1229740551924256772
1229740553614561280
1229740555208404998
1229740556726697984
1229740558245138432
1229740559629275141
1229740561080487937
1229740562556866566
1229740564259667968
1229740565979451392
1229740567669747713
1229740569150328832
1229740570467348485
1229740571994005504
1229740573545857024
1229740575164899329
1229740576729370624
1229740578398777344
1229740580164558850
1229740582060335107
1229740583700307968
1229740585285824512
1229740586997100544
1229740588888621063
1229740590272843778
1229740591841521666
1229740593443676160
1229740595045896192
1229740596828528640
1229740598460063745
1229740599840006144
1229740601106673665
1229740602381754369
1229740603652661248
1229740605682671617
1229740607356231680
1229740608899747840
1229740610086674432
1229741099633332228
1229741789768228864
1229742200763944962
1229742232514826240
1229744127052591107
1229744742080110593
1229744801245007872
1229745374077779970
1229746154352631818
1229747018895167489
1229747489273675778
1229748024651505664
1229748454727049216
1229750219673350144
1229751969427881984
1229742864038584324
1229746511346642946
1229737436529537025
1229737705342406657
1229737860632338432
1229738037720047616
1229738139087929345
1229738644518395909
1229738666890792960
1229741769199423496
1229742450299809803
1229747785580339203
1229749030445551616
1229749211714871296
1229749994753871878
1229750378465579010
1229751361710981121
1229740358189420545
1229743778329759744
1229745762323566593
1229741287416455174
1229743200488841216
1229744284137639937
1229744989435027458
1229746628661215232
1229747100256231428
1229751893548765185
1229752043134431232
1229738813951528961
1229741058571014147
1229743322622840837
1229743824412594177
1229745444512784385
1229746352999010304
1229746799604387840
1229747221677166592
1229751920648183813
1229752229059596288
1229752263079604225
1229744371861422081
1229749265259356160
1229750898173325314
1229746596155416576
1229746523803734016
1229739861160030208
1229741417871937543
1229741512654716929
1229742408222625792
1229742592084103168
1229742792391393281
1229743787125170176
1229744118303264774
1229746487585857537
1229746510738415616
1229748700165156865
1229749026645512193
1229750016035688450
1229750707835801601
1229751182333239298
1229751931079446529
1229737710912405504
1229750254884544513
1229738858687946752
1229739440215674881
1229740857919713281
1229740978103341057
1229742508588007424
1229743554576121857
1229744204097687558
1229744586081415168
1229747131004657664
1229747340510212096
1229747434881986560
1229748615276638208
1229750376544555008
1229751354031255552
1229752414917533696
1229747341332275200
1229737686321319937
1229739877954129921
1229739475128987654
1229750736772378624
1229737363770753024
1229737923400085504
1229738227692642304
1229740487969517569
1229740967789572096
1229741351195103233
1229742104781320195
1229743012428886017
1229744540787118082
1229745219979161603
1229746473161633792
1229747287066370049
1229750696863576064
1229737357785653248
1229737369168949251
1229740286127017987
1229740344511733760
1229741351144525825
1229741411379138560
1229741979111739392
1229744915875323904
1229745386602082304
1229746352399290370
1229747121789820928
1229748706657939461
1229748867475918849
1229749351645356039
1229750064165326849
1229750508925202432
1229751411300356097
1229662420555182080
1229664351713406977
1229666877519036416
1229667200430153728
1229670910669578240
1229671065783328768
1229662029339877378
1229662296605065216
1229664176584433664
1229664512774754305
1229665455121543169
1229665474578874369
1229665619110506496
1229666165158547456
1229667584477474819
1229671191914434560
1229671873744658432
1229672072168824832
1229674506563747840
1229674764240855040
1229675179640360960
1229676722422996993
1229663631903789056
1229675087609188352
1229663582314487808
1229663715227820033
1229664284403257347
1229666842878398465
1229670255926153216
1229670898732589056
1229671813527019521
1229669170696028167
1229661907935776768
1229662124160536576
1229663665240051712
1229665175764119552
1229671641560469504
1229673289120931841
1229675715869716480
1229676465005842432
1229662330373464064
1229665555361169408
1229665900208496645
1229666318921715712
1229666495132602368
1229666581216669696
1229667366381875200
1229668152562286592
1229668715156865024
1229669608405245957
1229672977198985216
1229673151514148864
1229673970254958601
1229674711140982784
1229675456112287744
1229675954290745344
1229675962389889024
1229676903902085122
1229661997832208384
1229674344722378754
1229667410912911361
1229662719625723904
1229663101542260737
1229663692863787008
1229664858880331776
1229664983434383360
1229665180759547904
1229665243930005504
1229665557420691456
1229665662135566336
1229666631720296448
1229666672572870661
1229671270310125569
1229672756335251456
1229675182102663168
1229675907750793217
1229676021911343105
1229676674788118528
1229676774608527362
1229666156455321600
1229666177661706242
1229666592063152128
1229666698581725186
1229672506044375040
1229674045328805889
1229663194018349056
1229663299031240705
1229666447372308481
1229667704866508800
1229667980793044993
1229668048992423937
1229670348519596032
1229671683847606273
1229672203739947008
1229673759898034176
1229674983959539713
1229675758903267328
1229676654156550145
1229672624776765440
1229676254535745536
1229669411608498177
1229665250749960193
1229666062133874688
1229669442273062912
1229670228155486209
1229674036713619457
1229675627957116929
1229665058730520576
1229665680561229824
1229671464024055809
1229672798622244864
1229673849182138372
1229674443087196160
1229675055476551680
1229675756537700352
1229676267869528066
1229814359280541696
1229816178475962369
1229820872413843456
1229821426468782080
1229824460179542017
1229814301092929537
1229823385896718344
1229812840455974913
1229813311132270592
1229813321655836682
1229814156959735808
1229814900542844930
1229815276683845632
1229815351782674432
1229815840985505794
1229816866501275655
1229817577964212226
1229819821803659266
1229820140994383873
1229820470691815425
1229822067022934016
1229822137545957378
1229822629877600257
1229823044786544640
1229823531912962055
1229823984277086208
1229824245863190529
1229824266868228097
1229824767127097348
1229826150475685889
1229826424883666944
1229827851316277248
1229816449956446209
1229817502999482370
1229819041897943042
1229819782461042690
1229820112695439360
1229820199521660928
1229823712528158720
1229823953616691202
1229825405378584576
1229825968837099520
1229826590630170625
1229827813278199808
1229827842919235586
1229814646124797953
1229826721601421313
1229814828409278469
1229818802914889728
1229814286580625408
1229814379471933441
1229815894559412224
1229822698991292427
1229824685745016835
1229825434617032706
1229827082160656384
1229813438152617984
1229813671183966209
1229814108498866176
1229814684733378560
1229814855923830784
1229818365004451848
1229819124215353351
1229819515720130560
1229820321424969730
1229820338537672704
1229820949224153089
1229822364168253441
1229825897009688576
1229825929150595073
1229827233491058688
1229827693887344641
1229814334185930754
1229817665818103814
1229820936888705024
1229825283739574273
1229827211718516737
1229827261915856898
1229827885051138051
1229815164372951047
1229816933408804865
1229818356502532098
1229813082379051008
1229814636276482052
1229814782028656641
1229814911188054018
1229816298776887297
1229816458605101057
1229816481744998400
1229817036085383172
1229820047855472640
1229820746232410118
1229820771301810176
1229820873118490627
1229821562909577216
1229822249483612161
1229822310296801281
1229822404018475008
1229823689488773122
1229826731323920385
1229827319201779713
1229827801454436356
1229817123167506438
1229817661942640641
1229819263873146880
1229821693230768133
1229822274397757440
1229826064094048256
1229813514434498561
1229815756025663489
1229819793991249920
1229819869929050112
1229820064276320256
1229820934850334726
1229821555447914498
1229822145557082112
1229823388304265222
1229823729125019651
1229824220596752387
1229825614804398086
1229827111055233024
1229815652266934274
1229819567263932417
1229813010564341762
1229818470084247552
1229820964390785025
1229821316418719744
1229823170510835714
1229824351500931074
1229824506744725504
1229824631667875843
1229814543779586068
1229815762661134338
1229816325951959040
1229817058881343495
1229818772581748737
1229818913896226818
1229820699851862017
1229821590977863687
1229615995121209344
1229602324601098241
1229609209605607424
1229609716231348225
1229613075227193346
1229615551401676800
1229611091531124736
1229608805018865665
1229613010987208705
1229616393206861824
1229616363129278464
1229610854166880256
1229616306577707008
1229602561562488833
