1232349548540026880
1232350095380709379
1232350560399056897
1232350666590478338
1232350795061960704
1232350799633752065
1232350819992948741
1232350921516109826
1232350926150696962
1232351048536334338
1232351335951015936
1232351472223997952
1232351704676544515
1232351706769494021
1232352397567111169
1232352587732705280
1232352630443257856
1232352981254840323
1232353211496980481
1232353531782467585
1232353765388320774
1232354190304972801
1232354306826919939
1232354352448364550
1232354842905059329
1232355012279402504
1232355200901550082
1232355201715200003
1232355224129560577
1232355345781182464
1232355419252838400
1232355507639377920
1232355510520819722
1232355672693579777
1232355801634832384
1232355970031980545
1232356092132413440
1232356203784802304
1232356224190091267
1232356492910714881
1232356708976078856
1232356752189947904
1232356753393831938
1232356809475796993
1232356912915763200
1232356984449622018
1232357102909259776
1232357292638720002
1232357331658256386
1232357796886335489
1232358601471221762
1232358618193895424
1232359244118269957
1232359468576497664
1232359572544925703
1232359768884490240
1232360585410621441
1232361745664135174
1232362835474288640
1232363348974538752
1232363745571110914
1232363946314805250
1232364376075751426
1232364509731467264
1232356709814997001
1232355847751290880
1232362652661362689
1232352722353041414
1232358199111700480
1232349682975698944
1232350024715116544
1232350026023743488
1232350057300578304
1232350287924547589
1232350802942947329
1232350891363139585
1232350937156669440
1232351055654129665
1232351130514006016
1232351165406482432
1232351181139324930
1232351313423486978
1232351348009701376
1232351387939409920
1232351569699573760
1232351622849875969
1232351829377286145
1232352458682372096
1232352691872911360
1232352709363294208
1232352824564035584
1232352996681490435
1232353572160819200
1232353754097291264
1232353863803572226
1232354214975766529
1232354554085355522
1232354572150149123
1232354584380813312
1232354589141295104
1232354949050372097
1232355153887584256
1232355268975001600
1232355590413967360
1232355639927746566
1232355649918513152
1232355885579673600
1232356031264706562
1232356252300304384
1232356333581631489
1232356367077433349
1232356567791669248
1232356842891771904
1232356873027883008
1232356909849698304
1232357208723251203
1232357538303238145
1232357788468334593
1232357927916384268
1232358138457788423
1232358173723570177
1232358188730765314
1232358194560806919
1232358472550952960
1232358483636322304
1232358499260280832
1232358582785437697
1232358710003077121
1232359069031260161
1232359121493676041
1232359265689653249
1232359387471187968
1232359567687913472
1232359653264285697
1232359802891907074
1232360091724242945
1232361238593708032
1232361370781409281
1232361759337590785
1232362153690136577
1232362292366467072
1232362718235185155
1232363055624880133
1232363064009379841
1232363546660495361
1232363925964042241
1232364263567745024
1232364270337216512
1232349839024959488
1232349917126983685
1232350942219010048
1232351781897801736
1232352704606941184
1232353536563871744
1232355188549263361
1232355282564591618
1232355287509741569
1232355511053496321
1232356691993337858
1232357193254612994
1232357664904155136
1232358235262406658
1232358816081154049
1232358912139177984
1232359173876219904
1232359394605772800
1232359847036964864
1232360148439617537
1232360402836738048
1232360673889439744
1232361354507538433
1232362134044106752
1232363604218974208
1232363695835099138
1232349775875444736
1232351324538331136
1232352037117054980
1232352392135553024
1232352634478223360
1232353111076937729
1232353256266924032
1232353459858550790
1232353603026812931
1232353775593152514
1232354239168622593
1232354325764231168
1232355173504344064
1232355402853048320
1232355504573370368
1232356047148519427
1232356058666016768
1232356198067953664
1232356244494651393
1232356374157414400
1232356475592462336
1232356627732455424
1232356785991880704
1232356930632417281
1232357522805346310
1232357747129278466
1232358101422092288
1232358327402795012
1232358545229844480
1232358591232868353
1232358905583472640
1232358924768116738
1232359205312638976
1232359606912983042
1232360006764331009
1232360125551259652
1232360866084986881
1232361325860466690
1232362939321135109
1232363401608933376
1232363840697823232
1232364046827106304
1232364104872079360
1232364187688611841
1232364343238516737
1232364603713216513
1232362516757565441
1232353633150238720
1232354414419202048
1232355451133665282
1232353120577114115
1232349537768964097
1232350586298884097
1232352166322544640
1232352352641986561
1232353055204663296
1232353298541432833
1232353665173934081
1232359855039451136
1232362077240647688
1232362648769122305
1232349626952536065
1232349993002061824
1232350010815262721
1232350072161153024
1232350353301155846
1232350500655370243
1232350515952001024
1232350581504839683
1232350646407438337
1232350802083225601
1232350926343680008
1232351124000256001
1232351146762756097
1232351246113234944
1232351397846376454
1232351585080139776
1232351852479549443
1232351939813412865
1232351939897253890
1232352041986666501
1232352100576899077
1232352184647528450
1232352349923840000
1232352360816619520
1232352423815110659
1232352546334945282
1232352628702617601
1232352816053792773
1232352841232240641
1232353612845678594
1232353699902754818
1232353735315271687
1232354035803533312
1232354043923750914
1232354589762031618
1232355023440502784
1232355145788395523
1232355271583961088
1232355404681809920
1232355486261030912
1232355678683049984
1232355695187636224
1232355748639911942
1232356199527571463
1232356269777981441
1232356275406745601
1232356342045782016
1232356510119972864
1232356665334300672
1232356698804903937
1232357429746249730
1232357430757122055
1232357498977431552
1232357677533102085
1232357757438898176
1232357815978799104
1232357847037612032
1232358814160171010
1232358891549331456
1232358927574208523
1232359036647022592
1232359244206411776
1232359491645181956
1232359962581590016
1232360129422557184
1232360392086753280
1232361426729275393
1232361502918823936
1232361792954937344
1232361969115705347
1232362199072542722
1232362322867445760
1232362361543065602
1232362537406124033
1232362768961024000
1232362848690544640
1232363082426540033
1232363135555821568
1232363263402201088
1232363484601626624
1232363708959117312
1232364023699705856
1232364058772459520
1232364113977888768
1232364184278650880
1232364431339859968
1232349774889865223
1232350117543469067
1232350445999394816
1232350458326417409
1232350464252968967
1232350851332820992
1232351333740576769
1232351882972188673
1232352351312281600
1232352366768164870
1232352505385889800
1232352901751857152
1232353353008656386
1232353426954227713
1232353774481674240
1232353973476216833
1232354029365276674
1232354547873583105
1232354943425798147
1232355169108709382
1232355373362896896
1232355422100697088
1232355600501288960
1232355781707804672
1232355813974474756
1232355894702362624
1232356034150268929
1232356081650864129
1232356196759351296
1232356275721248773
1232356435515838466
1232356575718903809
1232356672372379648
1232356727292645383
1232356780581294088
1232356784024772614
1232356801674403840
1232356972286087168
1232357170475413505
1232357189207121926
1232357604078256129
1232357761582850050
1232357940180504581
1232357949399617537
1232358025505234944
1232358220716498944
1232358408646529030
1232358423464947713
1232358754198392832
1232358862461849603
1232359151499653121
1232359284446498818
1232359315278835718
1232359396044349440
1232359480798728194
1232359685942128643
1232359901437005826
1232360078931398656
1232360669544140800
1232360701227929602
1232360814486654976
1232361364133425157
1232361746607808518
1232361766329470976
1232362299681361920
1232362415922274306
1232362432154284032
1232362541440995328
1232362643861786631
1232362838557184001
1232362867325841408
1232362916508291078
1232363091771428873
1232363136369483779
1232363195685392384
1232363434957733889
1232363490083471362
1232363526284599297
1232363593414344704
1232363670505742338
1232363709542076418
1232363836730114056
1232364513464406020
1232364536155529217
1232352760127016961
1232355123826962433
1232358488656900096
1232358910067200000
1232363747538325505
1232364373315813378
1232364473954033665
1232358375477989378
1232357343851110400
1232360423116230656
1232361783903555585
1232364196223946752
1232357288763150337
1232357540236791811
1232357216465719304
1232349596308975621
1232349727104143362
1232349801880150026
1232350006704824320
1232350268295131136
1232350376424353792
1232350466266271744
1232350568636653573
1232350639117737985
1232350818856132613
1232351172708753409
1232351188844044288
1232351307454763013
1232351323468763139
1232351446676443137
1232351591883108352
1232351815653416960
1232352017781121024
1232352068461113346
1232352218952749056
1232352275793711104
1232352563019878400
1232352663205031936
1232352694532132864
1232353051127828485
1232353354002636802
1232353418221625349
1232353679384154113
1232353784468312064
1232353815413702656
1232353971123212291
1232354501018955786
1232355002116722688
1232355633015513091
1232355656826572800
1232355801098063873
1232356001636061184
1232356084964298754
1232356101066252290
1232356162944802817
1232356193315819520
1232356342699966465
1232357299567591425
1232357862451666953
1232358104987123712
1232358171110445056
1232358387947577348
1232358552049799170
1232358693313839106
1232358753963565057
1232358952639266823
1232359093509263360
1232359363513323521
1232359581692628994
1232359639657795584
1232359646394044421
1232359695047888897
1232359762576187392
1232359856633470977
1232360609871728640
1232360726712475649
1232360844199104512
1232361115398688769
1232361362405367808
1232362027760439296
1232362356975587328
1232362576367017984
1232362796777603081
1232363258025271297
1232363511117950981
1232363746326188032
1232363858309865472
1232364050593566720
1232364118801342466
1232364252377362434
1232364271075381250
1232364395788787713
1232364429787922432
1232362456003076098
1232350890532753410
1232351314954346498
1232351342460637187
1232352679936040961
1232354618346287107
1232354968855830528
1232358364874756096
1232359049863274497
1232359667273289728
1232361096943722501
1232361306906406912
1232363072586682371
1232349700189278210
1232349899934568449
1232350807737225222
1232351741678686210
1232351939473661954
1232352078007238656
1232353786322128897
1232354501891366918
1232354614462361600
1232354666450751489
1232355076649426944
1232355529659473923
1232355941619769344
1232356154711461888
1232357076371955713
1232357476516925446
1232357791530180610
1232358061806931968
1232358632685264899
1232358831667208192
1232359776610373633
1232360595925630976
1232362251341967376
1232363046112256001
1232363455425937408
1232364251853053952
1232356683755720708
1232354649962926080
1232354994764034050
1232363507829657600
1232360557568720896
1232352802170646530
1232353454183591943
1232354731923836930
1232355299962564609
1232355650103074817
1232358363775799299
1232360062422863872
1232360234921971714
1232360353507500034
1232360611067187200
1232362954496053251
1232350457072377856
1232351020224843778
1232351231479296000
1232351729120927746
1232351789388718080
1232351937087070211
1232352082180628481
1232352449480077312
1232352668317822977
1232353396151267328
1232353715530739713
1232353732102414342
1232353753103294464
1232353770987773956
1232353816273661952
1232354012458094592
1232354276145541121
1232354485017759744
1232354535672336387
1232354599010476032
1232355005774139392
1232355080613089282
1232355244547493891
1232355270757638146
1232355381873192962
1232355517185568771
1232355744567242755
1232355797553819648
1232355998112899074
1232356322332545025
1232356539308138499
1232356572501827584
1232356884696518661
1232357659413753863
1232358410131300355
1232358939356024832
1232359254696300549
1232360346381361152
1232360728939696129
1232360788108750851
1232360965666201601
1232361234000949249
1232361400569384960
1232361475592900608
1232361489857744902
1232361929177477123
1232362199911403520
1232362355884994564
1232362365871587328
1232362869376868353
1232362988138573824
1232363177574309890
1232364328545923072
1232364371348795395
1232364495181361152
1232335485953040384
1232335700462272512
1232335982806081536
1232336541466419201
1232337495506980865
1232337718815928321
1232337766492626949
1232337843571150848
1232338040992997381
1232338173461778433
1232338492740468736
1232338943141650434
1232339354741116929
1232339485066776576
1232339612414160898
1232339877083131905
1232340299797663746
1232340547462979590
1232340920412012546
1232341977758302208
1232342042467950594
1232342159279509504
1232342229915701248
1232342273272242176
1232342396349943808
1232342602327953410
1232342725179125761
1232344120833822726
1232344169416450054
1232344644656205830
1232344704848670721
1232345895087243265
1232345938494136328
1232346081805164544
1232346239313858561
1232346385346895872
1232347155513384960
1232347364565889024
1232347372115709954
1232347601191698449
1232348771369050112
1232349282050637825
1232349498724274181
1232334644424691713
1232347943396499457
1232339521477455874
1232334633515323392
1232334689270140928
1232334777010790401
1232334999266918400
1232335429397078017
1232335699724132352
1232335816560709635
1232336217473155074
1232336509887504384
1232336557383786496
1232336636140249088
1232336802582802432
1232336842395127810
1232337200496463874
1232337221694492672
1232337485063127040
1232337737069596676
1232338045107671041
1232338260254437376
1232338311815090177
1232338770801852416
1232338853379235840
1232339459510820864
1232339535809404928
1232339608052076544
1232339621876506633
1232339633406644224
1232339732593565696
1232339850495430657
1232339982850850818
1232340280071856129
1232340700202708992
1232341027412987904
1232341395047927809
1232341470532820993
1232341489793032193
1232341817368162306
1232341992518176769
1232342536901009410
1232342592362291201
1232342615561064450
1232342845505331201
1232343112695111681
1232343257113337856
1232344108531953665
1232344185577123841
1232344248189673473
1232344448677359617
1232344536145387520
1232344715611250694
1232344747693559809
1232345010160447488
1232345177643266049
1232345485538725891
1232345520116400129
1232345926745894913
1232346147953553408
1232346298617094146
1232346411905228807
1232346447359680515
1232346543132266496
1232346570395439106
1232346631162486784
1232346646417149952
1232346660165959680
1232347409180655619
1232347488302096384
1232347786311585793
1232347830460833793
1232347897175461889
1232348038049476609
1232348449401638913
1232348682491760641
1232348728058613774
1232348730608824322
1232348956874682368
1232349088689147905
1232349173976092678
1232349248743780352
1232349253206454275
1232349286651899905
1232348537821814784
1232337332004687874
1232342280960446468
1232343970090450953
1232344075191431169
1232345256726867969
1232334616771645440
1232335056968077314
1232336049373929473
1232336517164601344
1232336716637310976
1232337335917957120
1232337799052976137
1232339605321650177
1232339841687355393
1232340674495668224
1232341176499523584
1232341364907683840
1232341641224216576
1232341980539162630
1232342918121316352
1232343227119939584
1232343651705073670
1232344104224411650
1232344518273458181
1232344994930884608
1232346588611301377
1232346624409600000
1232346684262428677
1232347020867899392
1232349503610552322
1232341616800780289
1232348175979155458
1232341898574036992
1232335828124413952
1232337112445399041
1232343024425979904
1232343105476743169
1232344555757895681
1232347475371085824
1232335282340597761
1232335381095469056
1232335675208478720
1232335821933613060
1232335941748043776
1232336330287386625
1232336346393587712
1232336395781447681
1232336685847007232
1232336963245658113
1232336971491659778
1232337085476069378
1232337205089251329
1232337335641149440
1232337676042461185
1232338370090631171
1232338526852861952
1232338554321281024
1232338586567094272
1232338599082909697
1232338743807356928
1232339255285964806
1232339403999268864
1232339511457320960
1232339598879215616
1232339749148471297
1232339862130323456
1232340012936683521
1232340318080638976
1232340473387376642
1232340502470680576
1232340619990839296
1232340648101130240
1232341214495682561
1232341567127638016
1232341587298004993
1232341612497383424
1232341736137031680
1232341746467688449
1232341925681909765
1232342164291584001
1232342176912363520
1232342341643644930
1232342378280824837
1232342560313692166
1232343229380616192
1232343390395752453
1232343547778682880
1232343623372546048
1232343904478990337
1232343925899304960
1232343980479799299
1232344114621972485
1232344164387389441
1232344240132366337
1232344283891589120
1232344571851530241
1232344585474625546
1232344650465390595
1232344796875849728
1232344863020109825
1232346014188802049
1232346145998999552
1232346177020014592
1232346479228071936
1232346533850427392
1232346557724479488
1232346660564545537
1232346714641764354
1232347095362920456
1232347137335332872
1232347150375378945
1232347469868040192
1232347499748306944
1232347698478616576
1232347878586290178
1232348042474315777
1232348160934236160
1232348164788752384
1232348185223421961
1232348285362475011
1232348460856348683
1232348555953803264
1232348786619342850
1232348794060070912
1232348923039277056
1232349244280930306
1232334659125686272
1232335406097629184
1232335844851245057
1232335906784337921
1232336200595333121
1232336344480976897
1232337825049325568
1232337854812086273
1232338309319446533
1232339233182015488
1232339770170396674
1232339908842475521
1232340224589680641
1232340333813522433
1232340419972943872
1232340933129232385
1232341208464338945
1232341380384600065
1232341387456208898
1232341485040873473
1232341554192363520
1232341705938161666
1232341907877105668
1232342246210576384
1232342493091508226
1232343040238465026
1232343077118976007
1232343204613234689
1232343309814784000
1232343499263139840
1232343611389419521
1232343775093100546
1232343884954505217
1232344232964317190
1232344758430945282
1232344779020787712
1232345002036072448
1232345195687108610
1232345638421045248
1232345762761146371
1232345767421054978
1232345862195568641
1232345909012422664
1232345946610114561
1232346229100687361
1232346529677139969
1232347131786256385
1232347262778511365
1232347317975601153
1232347536628879361
1232347601724375040
1232347961616748546
1232348755069980672
1232348970543874048
1232349110474330112
1232349144817324033
1232334957185507328
1232340159657578496
1232345433885888512
1232347243669262338
1232347410590027776
1232347445339791360
1232346496227516416
1232348811646980099
1232335021018615811
1232336340781498375
1232334689513476097
1232334887740264448
1232334970615746560
1232335159925657600
1232335258609160192
1232335289496023040
1232335610347737089
1232335729419784198
1232336261702090753
1232336362512244736
1232336554359652352
1232336825441751047
1232336968681500674
1232336973903339520
1232337596715610112
1232337628219035648
1232337820993441792
1232337968242839554
1232338024937197568
1232338364919140352
1232338611313561601
1232338771737223168
1232339097945083904
1232339236155686913
1232339303499550721
1232339370419441665
1232340035799785472
1232340340369170433
1232341195143204869
1232342058251190272
1232342883165986816
1232343002900836352
1232343608336035840
1232343634650988545
1232343963144785922
1232344187179339778
1232344394155511809
1232345036706082816
1232345400004136960
1232345720000258048
1232345780494618625
1232346121181319174
1232346349296848896
1232346925233573890
1232347011447508993
1232347404009115650
1232347473479335938
1232347647664676869
1232347763943321600
1232347861133778950
1232347961029484549
1232348044403732480
1232348164012871681
1232348200671072256
1232348775856955392
1232349052395761666
1232349058964099072
1232349132179869696
1232349175079198721
1232349238455144449
1232334627949490176
1232336239098859520
1232336477033582592
1232337423411142663
1232337578126446592
1232338480283504647
1232338727764201479
1232339143201579008
1232339397103804417
1232339706546917376
1232340279929298945
1232340328411226112
1232341426018684933
1232342780778819587
1232344129419595777
1232344618332835842
1232344757541703684
1232344900030562306
1232347656497836038
1232347930889195521
1232348263426281473
1232348342740488195
1232348623574388738
1232334813262159872
1232335135653142529
1232335845736226818
1232336523820859394
1232336750535696384
1232336876507422720
1232338414718083072
1232338667164794881
1232339369505230848
1232339712196665348
1232340067689156609
1232340307947204609
1232340694561370112
1232341734690107393
1232342079352774657
1232342430143438848
1232342479212511233
1232343066448744448
1232343784693915650
1232344478675079169
1232344480235257858
1232345744658567168
1232346301959942144
1232347200988106755
1232347973033615366
1232349277843869696
1232339372940431362
1232341128092975104
1232343169683070979
1232343345755828225
1232349375940243456
1232338947289886722
1232348797092663302
1232334899329323008
1232334963724431360
1232335044376776704
1232336406275600385
1232336578825064450
1232338085880434689
1232341473540083714
1232343021120839681
1232343482058051584
1232344302061264896
1232346838944145408
1232349285468921857
1232335642069262339
1232335955375382528
1232336316836261890
1232336339158413322
1232336383181774848
1232336538253561857
1232336697066692613
1232336872338272257
1232337467262537728
1232337542156079108
1232337638440472576
1232337998555074560
1232338213324410880
1232338427846287361
1232338695707070465
1232338747909398528
1232338972786987008
1232339234935263238
1232339243558744064
1232339280866967552
1232339390791344129
1232339467249356800
1232339820330045441
1232340230872715266
1232340636663263234
1232340727855710208
1232340857812082695
1232340920059793409
1232341211387695109
1232341262600110081
1232341439717265411
1232341510793900032
1232341648820056064
1232342016098471936
1232342108318642177
1232342510032183296
1232344097127632896
1232344266967482369
1232344345904283648
1232344964190932993
1232345265752985601
1232345453947183106
1232345723800375302
1232346360562802688
1232346886071365633
1232347216112758785
1232347246257156100
1232347261851590656
1232348413754249216
1232349015372685320
1232349088210964484
1232349099875348483
1232349141679865856
1232349180401725441
1232380468634542081
1232380627166605312
1232381452152643584
1232381508171726848
1232381530653241349
1232381557001871360
1232381691446034432
1232381768025747457
1232381809834496003
1232382474220687361
1232382641762193410
1232382685642940417
1232382800504008706
1232384045788672006
1232384341440892936
1232385885955555338
1232385922223804424
1232386063022395392
1232386072199516161
1232386308192002048
1232386660450652163
1232387003108483073
1232387047865778176
1232387086814269448
1232387281413136384
1232388431365451776
1232388551037329410
1232388993699995649
1232389184406593537
1232389256871661574
1232389979831226374
1232390383822352386
1232391063761014787
1232391406431473665
1232391816344952833
1232392134700994566
1232392157060722688
1232392266288898049
1232392969837252610
1232393079371509761
1232393217863225344
1232393872849952770
1232393910061817856
1232394603883565058
1232394785421438977
1232380363462316032
1232382620492795905
1232384617728086019
1232385312908881922
1232392487337107458
1232381181896921090
1232393633854300160
1232384088713154565
1232379878961504256
1232379965963939842
1232381508335394816
1232381511703420928
1232381582163533824
1232381612035395584
1232381861164388352
1232382741263650816
1232382766425296896
1232382797802868741
1232382868850126848
1232382870360072193
1232383015713722370
1232383059837759488
1232383093211901954
1232383097544626176
1232383192172318721
1232383521416593410
1232383571362533380
1232383604640141318
1232383772915650562
1232383919196168192
1232384498622500864
1232384917415354368
1232385111565488130
1232385239911190528
1232385315127558144
1232385754002751490
1232385912396484608
1232385957757882369
1232386051957821443
1232386565323796481
1232386582939947010
1232386761759784960
1232386911135768577
1232387056011227141
1232387419384598529
1232387719856300032
1232387946373881857
1232387994293805059
1232388556846510081
1232388557072891904
1232388557974786050
1232388559979655168
1232388561049149440
1232389094732423168
1232389290497277953
1232389305877827584
1232389527483944961
1232390655332233217
1232390887868641281
1232391033931128833
1232391115090878469
1232391150117556225
1232391155809124352
1232391446763720704
1232391448047153152
1232392232612900866
1232392468236242944
1232392571487428608
1232393174011842560
1232393285836165121
1232393479440998407
1232393642435915777
1232393651004858373
1232394152261881857
1232394224902995969
1232394297682661376
1232380118108135424
1232380929898950657
1232381664636133376
1232382031440556034
1232382566717632513
1232382773048094720
1232384203863609345
1232384753615196160
1232387737053007878
1232388628720111618
1232389784506654730
1232390278499241984
1232391384478474242
1232391396583202817
1232393096207441920
1232394386299871232
1232394420852580352
1232394694258315266
1232394763820769281
1232381147948208128
1232381272930111489
1232381406954823681
1232384013937061891
1232384195210731520
1232384899904090114
1232386018218778625
1232386533115809796
1232387455174815744
1232389358319230981
1232389975288745986
1232391710975692802
1232391901057142784
1232392422128263173
1232392799363960832
1232393697779703808
1232393825253036032
1232394112197971970
1232394385377067008
1232394696699338753
1232394801011707907
1232381388126670849
1232386683259277312
1232390669269970944
1232393103920836609
1232393413045227520
1232380307069898752
1232386377427357697
1232388643060404226
1232394640776671232
1232382424383926272
1232384070727892994
1232386463779651600
1232394813099696133
1232379745955872769
1232379870581338112
1232380065209618435
1232380113460834310
1232380163385630725
1232380190044704769
1232380475659968513
1232380545943953411
1232380659496341506
1232380791004499974
1232381122564304899
1232381126464933889
1232381424939999238
1232381939006439424
1232382025262301187
1232382142891675648
1232382176852922369
1232382258021126144
1232382343345778688
1232382375021174785
1232382415001260032
1232382416691572736
1232382694664933379
1232382735488028674
1232382899380420609
1232383216838991872
1232383255363624961
1232383436784095233
1232383475673636866
1232383621899657217
1232383626123390976
1232383868642172928
1232383976876187654
1232383986741268482
1232384085772951552
1232384098360012801
1232384325057990656
1232384404351266816
1232384820711448577
1232385088647827457
1232385167748149250
1232385260970790913
1232385394949443584
1232385527829188608
1232385612025597953
1232385643625504769
1232385668497711104
1232385680434659328
1232385768544489475
1232386277707780096
1232386718302638081
1232386884585828353
1232386900650024962
1232387313751281666
1232387330981408770
1232387604349440000
1232388067148914690
1232388418644123658
1232388545949634560
1232388679240310784
1232389319568056320
1232389526422683650
1232389742597197825
1232389813518643200
1232390105765228544
1232390150887485446
1232390392605265920
1232390652278845442
1232390698953039872
1232390908655624198
1232390982160785408
1232391389813649408
1232391855628836875
1232392104988508160
1232392285880569858
1232392346593001473
1232392568383643648
1232392608627990529
1232392692056887297
1232393261748191241
1232393424172699648
1232393642679111680
1232393747482267648
1232393952214573064
1232394168393179137
1232394342586695685
1232394351365345281
1232394535617155072
1232394598221258757
1232394626268528647
1232394710410563585
1232379792206462977
1232380565111889922
1232380593792528385
1232380668929290242
1232380961402368001
1232381105631789056
1232381298993442818
1232381723452813315
1232381958581374976
1232382114814976001
1232382206150049799
1232382763350839307
1232383084277923840
1232383256412270593
1232383464844013569
1232383584520015872
1232383677755248645
1232384155620651009
1232384158766374912
1232384372923359233
1232384577236127744
1232384701844918273
1232385268956696577
1232385279387930626
1232385473349373952
1232385626516992002
1232385892565889024
1232385992415481858
1232386227489460225
1232386279125458944
1232386457538584576
1232386801903570952
1232386843817259011
1232386850389733378
1232386926159765504
1232387002244444161
1232387050193768448
1232387286958006272
1232388035037290500
1232388085809373186
1232388426600796161
1232388546343903233
1232388744981962753
1232388751462207488
1232388782273507329
1232388973739286530
1232389291713667072
1232389389889802242
1232389623604748289
1232389695646175243
1232389728412012544
1232389801615220738
1232389950085246977
1232390021644275712
1232390073418735617
1232390885670817793
1232390920169041920
1232391631514501121
1232391893549506565
1232392135695052800
1232392320009539586
1232392394940846085
1232392986706747393
1232392987935756289
1232393566057631746
1232394000105181184
1232394014311231488
1232394094825148417
1232394239767666693
1232394503132237825
1232380307279663104
1232386422352621568
1232389571108917250
1232390690191134720
1232391150142664705
1232393663642263552
1232384459103723525
1232385217148661762
1232386574240960521
1232387027880075267
1232388323253129221
1232389279399235585
1232393051118743552
1232387368449126402
1232382366678732800
1232380872789299202
1232380268557635584
1232380345699491842
1232380579259219975
1232380626801655809
1232380656681963520
1232381270107267072
1232381512378732546
1232381511329927169
1232381520519757825
1232381542762078209
1232381558989914118
1232381615348879360
1232381741115027458
1232381751722414081
1232381938461298688
1232382018966523904
1232382271530979328
1232382533016440832
1232382539429482496
1232382647277629443
1232382648552742913
1232382781814079491
1232382866195173377
1232382869378682887
1232383527661891584
1232383755467272193
1232383995519868935
1232384042508537857
1232384372403326978
1232384477978124289
1232384879226228736
1232385168230494209
1232385402985746433
1232385858856194048
1232385920353099776
1232386317436276744
1232386877744959491
1232386975841296385
1232387004945530882
1232387421016293376
1232387772696145921
1232388268299300865
1232388490295414784
1232388579252416516
1232388726115971083
1232389091003633664
1232389099761414145
1232389702759714818
1232389752608808960
1232389804769390595
1232390100371279873
1232390873796763649
1232390876808306688
1232390878146240513
1232391013932597251
1232391309631074304
1232391452505841664
1232391582785134592
1232392065348251653
1232392110369841152
1232392456265752577
1232392473965715458
1232393534013083653
1232394099669512192
1232394615002730498
1232384053627752449
1232386253762572289
1232387173795627010
1232381304328597504
1232382659428483072
1232382845789839370
1232382927079604226
1232382955189874699
1232383703835344897
1232384351972864001
1232385802715443203
1232387670963302402
1232388798060867586
1232389818438516736
1232392494740115458
1232392662763921409
1232393181200887808
1232393895541170178
1232394191696793607
1232394407598575617
1232379929016315904
1232380154112073736
1232380814769491968
1232382002348855296
1232382130644275201
1232382222621167616
1232382829125828608
1232384866756579328
1232385046734082048
1232385047170342912
1232385659979149314
1232385771312730112
1232386200532652034
1232387171316850689
1232387801242578955
1232387974454816768
1232388777982689284
1232389902026838018
1232390137453170689
1232390317107707905
1232390380303327232
1232390771363504135
1232390872517545985
1232391457497133056
1232391568491008011
1232392116942315532
1232392329207611393
1232393340580171780
1232393742759403522
1232394004806950913
1232394382063611908
1232394435146723329
1232394709693276161
1232381304903213074
1232390275034734592
1232385672700420098
1232380274790608897
1232380646179442693
1232382405870268417
1232384705611386881
1232385802648334338
1232388787784835074
1232389529438490626
1232391256405413890
1232393656675467270
1232380751473250310
1232381100158259203
1232381510877163521
1232381516816187393
1232381590589841409
1232381711771742210
1232382061408870402
1232382886940225536
1232382905936220163
1232382963851112448
1232383031547252736
1232384006315966470
1232384145696923648
1232384174356561921
1232384194120163329
1232384229708828673
1232384307068534784
1232384312621793282
1232384357920317443
1232384750343598087
1232384836071018511
1232385111456436225
1232385420425650185
1232385501568606208
1232385887511687175
1232386034719166469
1232386724338249728
1232386732307472386
1232387235351273472
1232387259783139331
1232387327844069377
1232387433712488448
1232387741591228423
1232387941269458947
1232388366492225538
1232388598323916811
1232388917015588866
1232389071433019393
1232389663396171776
1232390558762590208
1232391020157030401
1232391024212836352
1232391125438205955
1232391135412310018
1232391244657152000
1232391482222546946
1232391584760705031
1232392084977602560
1232392669869019138
1232392741629419521
1232393534008963074
1232393937823961094
1232394282306285568
1232394542164463618
1232394644794859527
1232139154441560066
1232145335037898753
1232149345362833408
1232140687929413637
1232143940674969600
1232146910074544128
1232148260908863488
1232151994061578240
1232153148397150210
1232138156079812609
1232152678563811328
1232152964741173248
1232140043533176834
1232146553365843968
1232147048108978177
1232147523466407936
1232147597520969729
1232148728477179904
1232144925610954752
1232145858034094080
1232146760044146688
1232153140905930752
1232138294504370178
1232149596198985730
1232149967990611968
1232148681601822720
1232140581511585792
1232395183045664769
1232395605420494848
1232395816381317123
1232395847666675713
1232396081973137414
1232396112801169408
1232396418788265984
1232396735076601856
1232396842417229824
1232396981525532679
1232397092624224256
1232397247423356934
1232397558464569344
1232397647333511168
1232397676014112769
1232397788668932096
1232398252106010624
1232398641589039116
1232398659838447618
1232399363546255361
1232399941571678209
1232399984869494785
1232399993715204097
1232400178927349767
1232400657593835524
1232400845653860355
1232401220603654146
1232401290791092226
1232401345929515014
1232401760817471489
1232401903180537857
1232401971128258562
1232402088430329856
1232402242445225984
1232402490982830083
1232402492958310403
1232402489888079879
1232402708067487745
1232403152110006274
1232403752293949441
1232404235909844998
1232404372505661441
1232404584263553025
1232404615674703874
1232404808193249281
1232404942394155010
1232404947448324097
1232404953433591809
1232405001429028870
1232405017115725825
1232405027081330689
1232405227296477185
1232405814012497921
1232406102488363009
1232406202686070786
1232406285150228480
1232406307988234245
1232406445338939392
1232406601287503874
1232407566082334722
1232407717349937153
1232407802829844482
1232408269857153033
1232408415210700808
1232408493069565954
1232408675144392705
1232409192763449344
1232409773003493379
1232409830725386242
1232399681327697921
1232401435117133824
1232405435543625735
1232409085863170055
1232394989986099201
1232396559012245504
1232398314156515329
1232400461627641856
1232407636626284545
1232395207460753408
1232407825290350597
1232395556057690113
1232395618414399493
1232395725398577153
1232395852678713345
1232396954447044608
1232397050739752961
1232397402327437312
1232397429762330625
1232397487249317888
1232397617776275457
1232397648210145281
1232397922760822784
1232397996815503361
1232398034715193345
1232398113496805376
1232398184955219970
1232398312604565504
1232398365633187840
1232398651949027330
1232398692516352000
1232398746828201984
1232398876419788802
1232398986729992192
1232399331027750912
1232399342692184067
1232399437063970817
1232399487731224576
1232399735710941185
1232399793890234374
1232399798873083908
1232399914283474945
1232399925561954304
1232400005345894402
1232400022169321474
1232401418008571904
1232401423217909762
1232401543011459072
1232401902664667138
1232402133892444160
1232402142557868035
1232402209075277826
1232403169642242048
1232403296658296832
1232403779825221632
1232404074005483533
1232404287134806017
1232404341669212162
1232404359192993793
1232404442114293761
1232404455368331264
1232404605989990401
1232404813301850116
1232404854057861121
1232405865816297472
1232406179575402496
1232406247711952897
1232406413743415298
1232406586062143494
1232407099755372547
1232407412595974146
1232407415573880832
1232408074629111816
1232408320172068867
1232408671327576064
1232408730542780417
1232409867853238273
1232408335900708869
1232394889645740033
1232394896583090177
1232396478842384389
1232397392563068929
1232398763471331330
1232399010855636994
1232399437458214913
1232402009267015682
1232402895502544896
1232403000263610368
1232403386793938946
1232404420748554240
1232404457062912007
1232404675309309952
1232405055023833098
1232405605819801603
1232406202836975616
1232407026753470464
1232408196062621704
1232408668605419520
1232409231824912385
1232395144952995842
1232395437719588865
1232395962187943936
1232396121470885890
1232396231466463237
1232397047413772288
1232397487526248455
1232397853412163586
1232397944986439680
1232397991744544768
1232398012535771136
1232398271143972866
1232398439524261889
1232398721872211974
1232398965204824066
1232399043600568322
1232399274769633282
1232399481288740864
1232399642941411329
1232399739146194946
1232399853310947335
1232399954519502848
1232400116373499904
1232400190453276673
1232400430405169154
1232400500835917824
1232400852046024707
1232401155076087810
1232401345136746502
1232401365328158721
1232401426271305733
1232401430033653761
1232401588700024834
1232401723777523715
1232401732786937858
1232401832376401926
1232402067894960128
1232402116540542976
1232402548939771906
1232402673271541760
1232402715977887744
1232402787050364931
1232402816565760002
1232402934794739721
1232402957309808640
1232403158799912960
1232403653446819840
1232403942363009025
1232403979197407232
1232404098022039560
1232404722088370182
1232405145562046464
1232405244484648968
1232405364563378177
1232405420389564416
1232405371014135808
1232405801039515655
1232405802486464512
1232406984898621440
1232407475758018561
1232407983344230400
1232408123073323009
1232408327348510720
1232408432579432451
1232409069966761984
1232409556829048833
1232409754053619717
1232397587099127808
1232397774232182786
1232404806465130496
1232406986962194432
1232394840740179968
1232408548476411904
1232400418459856896
1232402464588156929
1232402780024975362
1232407424537104385
1232395058839719936
1232395407399030797
1232395518099283968
1232395723074875393
1232396233848823810
1232396481073729544
1232396860096237569
1232397200451395585
1232397731748098049
1232397760235819008
1232398003975135233
1232398200440545283
1232398218421559296
1232398388320227330
1232398467080839175
1232398540170813440
1232399102169710592
1232399192720576515
1232399226522492934
1232399582853836802
1232399587496931330
1232399938434355211
1232400243490246656
1232400296040632326
1232400369830985728
1232400432124825602
1232400465465356290
1232400699583008768
1232400727517126656
1232400778486173696
1232401119491559424
1232401863452045314
1232401914756771842
1232401955479310337
1232402275710242820
1232402489837858817
1232402704380710915
1232402749083586566
1232402787331399681
1232402823494750208
1232402908945231872
1232402962586226690
1232403200201887751
1232403560836608001
1232403651286663170
1232403758413438977
1232403929507516417
1232404428281524225
1232404679109357574
1232405118231945216
1232405234615537664
1232405313703366657
1232405740989681666
1232406418868899840
1232406558295969793
1232406578596368385
1232406955358113794
1232406983162105856
1232407244471459843
1232407369122009095
1232407594855215105
1232407738833154050
1232408172570251267
1232408200768622595
1232408359015518208
1232408365000806402
1232408559675113472
1232408620047970304
1232408699903279107
1232408770451509248
1232408896226066433
1232408901364191243
1232409156797304833
1232409161150980101
1232409503339077632
1232409635467952128
1232409786404175872
1232395057606557697
1232395140444061696
1232395373261524994
1232395461996273664
1232395505491206145
1232395508741791744
1232395649624223746
1232395652065300481
1232395657337503746
1232395762576830464
1232396250986799109
1232396664230596608
1232396690889596929
1232396714545467393
1232396767989313536
1232396781759221765
1232397164220907522
1232397225545916416
1232397696964710401
1232397750123319296
1232397816850472961
1232397858810290183
1232397999717965824
1232398306204094470
1232398436911271936
1232398504586285058
1232398610316374017
1232399949310124033
1232400148925468673
1232400273320169474
1232400558138568711
1232400652581646336
1232400849445511174
1232400881016070146
1232401479295741957
1232401611969978369
1232401620589305856
1232401745541783557
1232402594125008900
1232403128705789956
1232403417156521984
1232403441118597120
1232403496227438592
1232403699835789317
1232404118012137473
1232404470883110913
1232405071918436354
1232405361249914882
1232405365238718464
1232405421115215872
1232405524882350080
1232405614707531778
1232405798912917504
1232405805900673026
1232405818563276800
1232406001959260162
1232406026948927488
1232406031680012288
1232406696854720512
1232406912362336260
1232406968263938049
1232407129828536322
1232407308992425985
1232407761843040260
1232408545678831621
1232408583645663233
1232408647021551617
1232408737526276104
1232409131727904769
1232396255143190528
1232403905725771776
1232406503400857602
1232409245922009091
1232409667151724545
1232409142008143872
1232394864660226048
1232395821016113152
1232396695763324929
1232406321858637824
1232407320161849344
1232407737528725506
1232400848598261760
1232404460829396994
1232395041873780744
1232395146316206080
1232395375119564806
1232395401023627264
1232395729643229189
1232395833137647617
1232396269299040259
1232396873048215552
1232397074584547328
1232397188019478528
1232397201327915014
1232397877701435392
1232397903651573767
1232398161215414272
1232398750074777600
1232398759507767297
1232399364796096513
1232399445469343751
1232399647878078467
1232399741247459328
1232400136048906246
1232400246803746816
1232400322435469312
1232400418510180352
1232401174592135170
1232401185182830593
1232401929143230464
1232401974982774785
1232402086870110208
1232402128599224326
1232402428139622402
1232402913210748928
1232402978511970305
1232403007091990528
1232403334658711553
1232403846804144134
1232403897882423296
1232404020121231361
1232404059455393795
1232404125859688449
1232404407842557953
1232404494165692416
1232404496271237120
1232405089844957184
1232405234535800832
1232406202979667974
1232406418629840897
1232406984932184064
1232407113529528320
1232407683346550785
1232407741546844162
1232408403147939840
1232408715430592514
1232408977960587264
1232409127390937092
1232409426960801793
1232409662852562948
1232409668733067264
1232409764895842304
1232409798303305728
1232409830628962310
1232396276383260672
1232408446064087040
1232396966086238208
1232397979555966976
1232397992617021442
1232399549135753221
1232400215447044098
1232400575771402240
1232401813627981825
1232403807038058497
1232404053440761857
1232406243882524682
1232406606794633220
1232407859905908736
1232408086889091074
1232408336202715139
1232408412308328451
1232409412612087810
1232409458019635206
1232409740883431426
1232395094487158786
1232395629789315072
1232395784718635009
1232396112121749514
1232396264706396162
1232396302723493888
1232396609188749312
1232396950638596096
1232397016052969473
1232397229895360513
1232397967157583873
1232398375238217729
1232398809612849153
1232398887723454464
1232398946238128132
1232398960658198531
1232399176081625088
1232399683861000198
1232400398612402176
1232400916827058177
1232401170943090688
1232402214641164289
1232402979019513856
1232403100142534657
1232403552359899136
1232404704375853056
1232405963912687620
1232406612469583873
1232406730006564865
1232408533314031622
1232409126598299651
1232409302238978048
1232409396631699456
1232409491334934529
1232409670666592257
1232409803777069058
1232399742811938817
1232398025110278144
1232400638035795974
1232402235512016897
1232406422236925958
1232409571320356864
1232403177087098880
1232405282115989504
1232409900027961344
1232394894594990080
1232394897379950592
1232395144881692673
1232396248579280896
1232396292921405442
1232396509771116555
1232396524086321152
1232397011661524993
1232397273553932289
1232397643101417473
1232398025001140226
1232398216882262022
1232398348923084803
1232398500220096522
1232399288040411136
1232399314212839432
1232399848088965123
1232399850307817473
1232400019686350850
1232400074673664002
1232400548118302720
1232400801961824256
1232401468466094081
1232401772687261696
1232401790370488320
1232401987834195969
1232402423949471749
1232402513258860544
1232402558246891525
1232402734663524353
1232402900342669318
1232403293328039936
1232403447636426753
1232404572100014080
1232404671614111751
1232405276692819970
1232405527155613700
1232406826148339713
1232407274250887168
1232407549481291777
1232407775407464448
1232408271283249155
1232408288555393024
1232364663196803075
1232364740699136004
1232365255742959617
1232365609842810881
1232365646480125954
1232366068976451584
1232366540793753600
1232366680267018240
1232366969409744899
1232367665060220929
1232368128140730368
1232368414519439360
1232368587689644038
1232368885653016578
1232370086222213129
1232370156363534341
1232370283522273280
1232370433606979584
1232370626700206080
1232371039130312704
1232371047560695808
1232371187570946048
1232371335323623429
1232372253846843393
1232372429177204737
1232372542389805056
1232374381474701319
1232375331694301190
1232375762457694208
1232376045233414145
1232376129446699009
1232376187298680837
1232376209683681282
1232376393289420802
1232376394245640195
1232376652765782017
1232377271438237699
1232377299535835136
1232377835718709248
1232378207065837568
1232378495461883906
1232378700232085504
1232378762563608578
1232379019959689216
1232379019779284994
1232379076746317824
1232379424114401280
1232379481152684036
1232365494176550912
1232365896997441540
1232366378360938497
1232366638474940418
1232367492846190592
1232367518863515648
1232367659624337408
1232368042094583820
1232369515700346886
1232370118941978625
1232372391256494091
1232375387142938624
1232375703842193409
1232378221355728898
1232372595967897600
1232365520336412673
1232372802512203776
1232373215575650306
1232376131388682241
1232377200583860225
1232364837977698309
1232364866935107585
1232365069729583105
1232365173740097537
1232365273933590528
1232365284834652160
1232365422743298049
1232365561239220225
1232365680286105607
1232365855901655040
1232365898637377536
1232366017080365056
1232366021954211841
1232366080464695297
1232366161809022977
1232366324027994120
1232366597425287168
1232366607495761925
1232366900862169088
1232367138096189440
1232367271173070848
1232367448013332480
1232367600065286146
1232367680935669762
1232367764528128000
1232367832916254720
1232367864608382976
1232367919478104064
1232368026672123912
1232368148063703040
1232368325872754691
1232368474707591168
1232368493875650561
1232368672120942593
1232368673882624000
1232368789620187136
1232368946285813760
1232369190230777856
1232369214037676039
1232369295931379719
1232369584931512320
1232369675620823040
1232369697942917121
1232369810178224128
1232370087811829761
1232370230707523585
1232370235283517448
1232370396277673984
1232370642449838080
1232370653044641795
1232370687047819267
1232371441686855680
1232371445529022469
1232371813205905409
1232371858730823680
1232371991216304130
1232372261912502280
1232372551361466369
1232372992589619201
1232373251340414978
1232373423063654400
1232373444773400576
1232373453463752704
1232373749363675137
1232373761711710209
1232373839608176641
1232373843504689153
1232374543760707590
1232374600421511170
1232374673230516227
1232374895218130945
1232375134608068609
1232375343668809728
1232375467014909953
1232375479807696903
1232375652206202881
1232375719214403585
1232375979802230784
1232376859200909312
1232377136650051588
1232377191406751745
1232377470818639872
1232377950940618752
1232378199734136837
1232378344584491008
1232378364247388164
1232378743869657091
1232378772562882560
1232378995783720960
1232379242115059713
1232379248234512384
1232379263036411906
1232379466866884608
1232379611750813696
1232368968318488576
1232365690822242306
1232366181379690497
1232366267698380800
1232366580094373888
1232366656351014912
1232367263451353088
1232367421174034434
1232367670902894592
1232368156552941569
1232369607144591365
1232370425633570819
1232371047728603136
1232371647354675200
1232371737427369985
1232372212432240640
1232372273773977600
1232373002807005194
1232373508824616968
1232373742027886592
1232374438647255041
1232375266904805378
1232375731801423874
1232375741771325441
1232376333570920452
1232376405306068992
1232378664379125764
1232378873876275202
1232379287862464525
1232364998523019265
1232365444671168517
1232365540146061312
1232365583108366336
1232366070041923584
1232366314552987648
1232366339123273728
1232366666132140032
1232366889239752706
1232367210561142784
1232367230815436801
1232367406720409600
1232367917066522624
1232368226321018884
1232368312845307905
1232368575891021831
1232369450684485632
1232370403026272265
1232370624888233985
1232370829800935425
1232371124496949249
1232372923572289537
1232372940848627712
1232373425081081856
1232373927005097985
1232375784733626369
1232376233331175424
1232376469197918209
1232377352988037121
1232377731842760715
1232378547030892544
1232378893090381824
1232364838153793542
1232366224127950853
1232365203175673856
1232368462699388928
1232368879504105472
1232369875684855808
1232370566365097984
1232372982993031175
1232373654207504385
1232374043996819462
1232375283228999680
1232377730865352704
1232364654178992128
1232364783560724485
1232365082966986758
1232365389067227136
1232365389243281409
1232365526367776768
1232365687630331904
1232366150681595906
1232366151923097600
1232366229194670081
1232366323101032452
1232366485097603074
1232366613585899520
1232367015777722368
1232367169020866560
1232367403184611330
1232367414207082496
1232367644428374017
1232367730378104833
1232367968648093701
1232368067260358657
1232368094661705736
1232368097593634816
1232368175439740929
1232368416939499523
1232368424023711748
1232368463852732416
1232368535755771906
1232368553539575809
1232368564071469057
1232368586712371201
1232368861300895745
1232368962484264960
1232369079748612100
1232369096022511616
1232369123646222336
1232369358384574464
1232369380555657216
1232369403259506691
1232369410079371265
1232369444980166657
1232369477934776322
1232369523476529153
1232369835847409664
1232369872815955974
1232370018458968065
1232370047760371712
1232370286714146816
1232370382235164673
1232370457254486016
1232370476011393025
1232370499403026432
1232370504385912835
1232370537588043776
1232370631217426440
1232370637823496192
1232370988593094656
1232371406786252801
1232371768121331712
1232372035571134465
1232372176994676737
1232372427793010688
1232372445551656961
1232372517064585217
1232372533950894081
1232372928743968768
1232372927867375616
1232372995756363777
1232373049225293831
1232373049242128384
1232373179919863809
1232373299130388481
1232373325906825216
1232373423923499009
1232373619507986435
1232373899997917185
1232374149294837761
1232374227858268160
1232374336520163330
1232374655048146950
1232375503723671553
1232375709101953024
1232375752487849984
1232375890757242882
1232376092515684352
1232376215098490882
1232376956504694784
1232377069415342087
1232377119575085058
1232377613940908039
1232377772607201282
1232377875761942529
1232377976815308800
1232378203827769344
1232378472867258371
1232378482753232896
1232378508648816640
1232378821447385095
1232379368959164418
1232364639142514691
1232364666229313537
1232364673279963138
1232364703164354560
1232364851009400834
1232364953253838848
1232365413641662464
1232365497582309379
1232366229597433862
1232366468806955011
1232367021481955331
1232367107326824451
1232367149903155200
1232367187802959873
1232367331759808512
1232367800481656835
1232367818177499136
1232368187376906240
1232368203449413632
1232368481053683712
1232368697299341315
1232368747710763013
1232368802354126848
1232368891483082754
1232368928661393410
1232369078821703681
1232369146282860549
1232369170089676801
1232369301207863302
1232369418400870400
1232369503645896704
1232369505105514496
1232369571748818944
1232369736450805763
1232369787977846784
1232370118644183040
1232370146712444929
1232370530508050432
1232370548128264193
1232370835840786439
1232371501258727425
1232371764715495425
1232371983511367682
1232372482541281280
1232372712124932099
1232373041197436928
1232373154938527751
1232373165319499778
1232373455150108674
1232373671311876100
1232374044701360128
1232374114603749378
1232374172090871822
1232374374524694528
1232374471387942912
1232374969503494150
1232375048612327425
1232375430004559872
1232376015386816512
1232376058407682048
1232376591516389376
1232376900124844038
1232377204488753152
1232377246930829319
1232377251964104704
1232377288345473024
1232377635155607552
1232377722883780609
1232377726172090368
1232378067278057472
1232378778934005762
1232379060313116672
1232379084707106818
1232379145637842945
1232379598601674753
1232364737490563072
1232365896120840192
1232366826346209282
1232367090780319744
1232368077532209153
1232368350032007168
1232368863045705729
1232369789278019587
1232370341319716865
1232372833189351424
1232372957831364609
1232373666345897989
1232375011530416134
1232377895181602817
1232372851598151681
1232373600369422342
1232373663976108033
1232375711043932160
1232372220380483586
1232377157390827520
1232369465184149504
1232364798232449024
1232364925777072129
1232365107449094149
1232365242321178628
1232365351092047878
1232365461578317830
1232366183527174145
1232366194059022337
1232366287340232704
1232366453921329157
1232366663162458112
1232366788056363008
1232366820079869952
1232366941324677123
1232367016805326849
1232367220942090242
1232367398881234950
1232367417583489024
1232367630947962881
1232367749109866497
1232368117944287234
1232368516730413058
1232368603703410692
1232369053366439937
1232369856613363721
1232369882387402757
1232369978730524674
1232370330800394242
1232370593053466624
1232370847035228160
1232371085011832832
1232371103269519360
1232371750295482369
1232371901055500291
1232372038641299457
1232372165951021056
1232372372902219776
1232373309678989314
1232373379681964033
1232373905840648193
1232374191418224640
1232374301329960962
1232374458788253700
1232374579882004481
1232374587297607681
1232374601046544385
1232375286316007426
1232375623760347136
1232376253384138753
1232376459303563264
1232376478706339846
1232376496284631042
1232376595589017600
1232377840202604544
1232378245825298432
1232378557105655809
1232378661044719621
1232378734390530049
1232378945082994690
1232379145004384256
1232379338462502912
1232379411154055168
1232379426274451457
1232379450869899269
1232379640368504834
1232364885226422277
1232365436588695553
1232365937027883008
1232367277233901568
1232369260363685888
1232369912183652353
1232370143382118400
1232370950362017799
1232371441074606080
1232373117999337472
1232373312283652097
1232373662944288768
1232373837876072449
1232374179904860162
1232375314103308288
1232375566432645122
1232375786444926976
1232377306620006400
1232378294504390656
1232378346446741505
1232378439346290688
1232378744788176896
1232379529441742849
1232365990782152712
1232366212778164225
1232366268134707202
1232366315534503937
1232366623417339905
1232367213782458372
1232367398877093888
1232368964572995584
1232369583002177536
1232371583483858944
1232372091581816832
1232372173274304513
1232372241356197895
1232372242031562753
1232374242668371969
1232374519328919552
1232374777794482178
1232375037749055488
1232376005924466699
1232376368815628293
1232377326106796032
1232377417789997056
1232377900437032961
1232378049372577797
1232378452264787968
1232378543574863873
1232379082312163329
1232379408935215106
1232366836303437824
1232377076478554122
1232376466844921860
1232377268388929538
1232377457258483712
1232377525617250305
1232365139451576321
1232365600372072453
1232366179727106054
1232367687654936577
1232368415505080320
1232368563568218119
1232370438128488448
1232376102170972160
1232376936200130561
1232378296635097088
1232379306430603270
1232364884966375424
1232364975894777856
1232365226848374785
1232365251863207937
1232365340434292736
1232365615190544385
1232365683780005889
1232365722036297731
1232366225189109760
1232366230574641154
1232366873112719361
1232367736942202880
1232367866164342784
1232368024986030081
1232368297171177472
1232368962652033025
1232369031178485760
1232369357747040256
1232369421676666882
1232369816889176064
1232369976692133891
1232370341323923456
1232370875112022016
1232371356395851782
1232371571144130560
1232371883066241025
1232372180014583808
1232372187811778561
1232373071174144006
1232373224756789248
1232373418542161921
1232373627980525575
1232373917404274691
1232373998803181579
1232374312948109312
1232374333667975173
1232374834446897153
1232375523705315328
1232375583323172869
1232376070374072326
1232376504845246464
1232377292833292295
1232377611915014149
1232378235192840192
1232378718607364098
1232378823645319168
1232379678675152897
1232289648304676864
1232289991390375938
1232290106037489664
1232290646435749889
1232292146633461762
1232292304091844609
1232292413324091392
1232292798826795011
1232292818355400705
1232292892938514439
1232293335307608064
1232293426202279936
1232293510474326017
1232293608583303168
1232293808513134598
1232293894798401536
1232294218015682561
1232294400757260288
1232295009493319680
1232295943673872384
1232296087039377414
1232296168929087489
1232296524954112001
1232296616079581185
1232296764956381185
1232298470880481280
1232298771972861952
1232299795819175939
1232299897942048768
1232301730697744384
1232303118844600322
1232303270187749376
1232303489851838464
1232303720953716736
1232289844413554690
1232291994724073472
1232300674240483328
1232289533317799937
1232290117416620034
1232290142691393536
1232290747409424384
1232291054541516800
1232291091870695424
1232291276768280581
1232291454665601032
1232291459690307589
1232291511133523971
1232291619539496960
1232292039057969158
1232292064685182976
1232292521985953793
1232292672598986752
1232292916221136899
1232293018855788544
1232293133456683009
1232293162053513217
1232293237131534336
1232293315162320900
1232293397857292289
1232293416060452868
1232293931255259136
1232294252639653889
1232294384164573184
1232294416162881536
1232294536480776192
1232294593263214603
1232294801812443142
1232294935598182400
1232294948785053698
1232296046316916736
1232296057385734145
1232296142387499008
1232296254077644800
1232296512190808066
1232296549050388481
1232296690201182209
1232296724930158594
1232296738439991297
1232296771763810305
1232296915104129026
1232297295917522944
1232297553837920257
1232298611477819396
1232298769724649478
1232298978374344704
1232299386241241091
1232299441870327813
1232299911573655554
1232300852469092354
1232300930168651782
1232300975123243009
1232301069499273217
1232301157520986114
1232301648564965377
1232301671109320710
1232301759869177864
1232301765887963137
1232302068779581441
1232303193914331137
1232303370800640000
1232303690016579588
1232304219006414850
1232301840685060096
1232290558476984320
1232291229691523075
1232291640687177730
1232292915399012352
1232293583140638721
1232294114785402880
1232294768320929797
1232298885621657602
1232299817600212992
1232289480092082176
1232289561482579968
1232290005067980800
1232290136873984006
1232290143299608582
1232291329427857421
1232292244306243584
1232292884101107712
1232292895765430281
1232294671524802560
1232295265798905856
1232295647707095040
1232296123517128704
1232296215209029639
1232299411134468098
1232300662454616066
1232302153659813893
1232302283549007872
1232302521873465344
1232303848699592704
1232304058687541253
1232291954974695424
1232297322568130560
1232300956626432002
1232289552313835522
1232302533479190528
1232292345867112448
1232300480300228608
1232304018812096514
1232289320830148610
1232298212947562497
1232289552250720256
1232291086133055492
1232292317811351552
1232295139541909505
1232295229321043976
1232299898378301440
1232302752748855298
1232289308964458497
1232289441173118976
1232289621926727680
1232289879612153856
1232289893382049793
1232290176090746882
1232290260756959234
1232290277852880902
1232290714861604865
1232290923498950656
1232290992943923201
1232291160271532033
1232291295873392640
1232291495820087296
1232291827446886401
1232291912335446016
1232292003481899008
1232292189478277120
1232292221917048832
1232292324983660551
1232292414490075144
1232292652395225088
1232292684343234563
1232292743134797826
1232292872428322817
1232293863374675969
1232294008271130624
1232294136432222208
1232294287041290245
1232294802261188608
1232294946696241154
1232295458720165888
1232295598927360007
1232296180387848195
1232296194694680576
1232296267071590400
1232296296310018053
1232296319672176640
1232296465462185986
1232296559162859520
1232296678172086274
1232296703438589954
1232297573098061830
1232297698407206914
1232297839344148485
1232297869970984960
1232298989527146496
1232299136151703553
1232299149191794694
1232299613337661442
1232299822725697538
1232299927423901698
1232299935208550400
1232300033510445058
1232300504270745600
1232300760995639296
1232301104848932864
1232301131507945475
1232301351243264003
1232301443425673217
1232301506155728896
1232301995391844366
1232302068221825025
1232302156352454660
1232302174262218752
1232302353300238336
1232302756595142656
1232302894063419393
1232303245730689028
1232303450198888448
1232303475352055809
1232303624799375361
1232304104594190337
1232304141814333441
1232289141339099137
1232289225321611266
1232289253415170054
1232289532256686086
1232289599462002695
1232290039876521984
1232290427967037442
1232290447390904324
1232290459696992257
1232290668388790272
1232290904100212739
1232291141518856195
1232291710572605446
1232291843640942592
1232292154476814336
1232292273301401604
1232292539836882944
1232292621307056128
1232292722956013570
1232292771010138112
1232293176481918977
1232293473870647296
1232293580586258435
1232294761249329154
1232295030934659072
1232295106901876739
1232295189093519362
1232295208169156610
1232295474801074183
1232295503863394304
1232295721681989632
1232296525746900993
1232296690452811778
1232296896020045825
1232296971622285312
1232297153864835074
1232297726404169731
1232297948509343744
1232297964212805633
1232298748966993921
1232299533700403203
1232300347017687040
1232300621279252488
1232300907997560833
1232301085127258113
1232301251808972803
1232301994859286529
1232302022105423878
1232303899631112193
1232303935890894855
1232304093516980226
1232289957722697734
1232303166726770689
1232292750407675904
1232298856785817601
1232289168878907392
1232289253918461952
1232289653925056516
1232289741275631619
1232289822405996548
1232289861572419585
1232289954983763970
1232290911847096322
1232290994198110208
1232291076284862466
1232291167141654528
1232291205066739712
1232291471426019328
1232291613755527168
1232291977372282883
1232292379580944386
1232293052619747329
1232293077697671168
1232293140440190976
1232293367939293185
1232293475900674048
1232293593467015175
1232293850187735041
1232294297287974919
1232294377344684036
1232294686787874819
1232295079051743234
1232295533802348546
1232295792314134529
1232295878649667585
1232296452132679683
1232297501878882307
1232297540193849344
1232297693613117440
1232297923045724160
1232297924488462339
1232297966263820289
1232298471727734784
1232299033412194304
1232299087741014017
1232299096175730688
1232300013683867653
1232300808227692549
1232301055968448512
1232301131348443137
1232301510039658496
1232301936516485123
1232302113922932736
1232303185957728257
1232303214202101762
1232303906505592839
1232289829431496704
1232295398443831299
1232289322226896897
1232291498357665797
1232291524978888708
1232291554422935553
1232291625877069824
1232294058262966272
1232294154039963648
1232295379691036672
1232295940784099332
1232297173670408192
1232297464968777729
1232297947334873094
1232298440299810816
1232299813896585217
1232299815997931521
1232299880821010432
1232302133694943234
1232302416147730435
1232302666266685440
1232303140793454592
1232303350911262721
1232303363062161409
1232289229318893568
1232290807018860544
1232291102704750599
1232293383693049857
1232293482456342538
1232294900110151681
1232295068649893889
1232295910090182656
1232296740566577153
1232298689508581377
1232299142761844738
1232299255462858754
1232299265625645056
1232300338360856576
1232301906564911104
1232302441028300800
1232302639817383936
1232302650613473281
1232302696188841984
1232303404074053634
1232303670752169984
1232303773185388544
1232304059656409088
1232290491590422530
1232291047436431360
1232293588681318400
1232297527514456065
1232293216478736387
1232296150004387841
1232299117608652801
1232299873569050625
1232297346932846592
1232290867781816321
1232291940198121473
1232294192224854016
1232294769327517696
1232294982637281282
1232296197764849665
1232300640174575616
1232302122429042690
1232302432388026373
1232302970093686786
1232289218052993024
1232289257051566081
1232289564967997446
1232290631181099008
1232290689343479808
1232291035595857920
1232291398566785024
1232291429835255808
1232291475062431745
1232292126127464452
1232292334894829568
1232292424736804864
1232292843407933440
1232293239878815745
1232293382518706176
1232293701851979778
1232293948674183168
1232294371460075521
1232294478385438720
1232294745285758977
1232294883685228547
1232294983337680897
1232294985741017089
1232295082738540545
1232295852896587783
1232296938600620035
1232297208437002241
1232297893282885632
1232298076091621376
1232298135197769728
1232298347215687680
1232298355734302720
1232299099464007681
1232299651392573440
1232299665284108289
1232299900890734592
1232300197595754497
1232300804251570177
1232300847696171008
1232300982425575424
1232301488501907457
1232301563751866372
1232301608387694594
1232301649101828099
1232302483235647488
1232302554543001600
1232302673673773056
1232303691954257920
1232303720056131584
1232304045118951424
1232304099988779010
1232185206305689601
1232185305756770304
1232190102702632960
1232190690236551169
1232192371611373568
1232195093500657665
1232195807803314176
1232196032588632065
1232196118072655872
1232198220169859072
1232194819851792384
1232184817808269313
1232189595888103425
1232191980479942657
1232185553275310080
1232186431239524352
1232186805333692416
1232186842834968576
1232187173501308928
1232187174042439680
1232187555187130368
1232187848004194304
1232188350754435073
1232188536134209536
1232188978872274949
1232189821189226497
1232190769366274049
1232190877428174848
1232191455764062208
1232191541051035654
1232191557127868417
1232191893506809857
1232191900159004672
1232192029062520832
1232192172956536832
1232192260336472064
1232192391160819713
1232192497071337473
1232192699312332800
1232192958537117697
1232193567558438913
1232193634033979392
1232194398303158274
1232194504930844672
1232194596140208129
1232194865678684160
1232194997295779840
1232195006787719168
1232195071983980544
1232195292776353792
1232195599224709120
1232195602123051008
1232196223534321664
1232196425599111168
1232196523070496769
1232196747801350144
1232196862469386240
1232196960905572354
1232198175542267904
1232185736864112641
1232188065214533632
1232191022995820550
1232185293798887424
1232188454601154560
1232191433597169664
1232192813170905088
1232194991994425344
1232196724858531840
1232197332822786048
1232198230357794816
1232185978560942081
1232193474381910016
1232194935568392193
1232187631485755392
1232196266316136448
1232183834747129858
1232184001969958913
1232187269618061313
1232195322778181632
1232197222386880512
1232183560909488129
1232183583659511814
1232184832932950016
1232185361733996544
1232185363973713921
1232185553854046208
1232185841553985537
1232186434032766977
1232186683908591616
1232187446231805952
1232187605443321857
1232187733105414144
1232187833177083904
1232188150417690624
1232188353635848193
1232188363303608320
1232188854788132865
1232188866372698112
1232189525725712384
1232190582522568705
1232191012140986368
1232192494370279424
1232193124744810496
1232193231250739200
1232193622881206279
1232193930780954624
1232194397015625730
1232194558324301824
1232195954176077825
1232196063890681856
1232196310222155778
1232196528707518464
1232196834124320768
1232196994027966465
1232197214866493440
1232198494410158080
1232183694288252929
1232183740262178816
1232184986247352320
1232185087145451520
1232185178325495808
1232186446339072000
1232187060200595461
1232187411146342400
1232188152212860928
1232188246563676167
1232189127069773825
1232189296691597312
1232190206054367233
1232190206566113280
1232190514524557312
1232191121524129793
1232193259138637825
1232193824665067520
1232194223384006656
1232194345190727680
1232194861383798784
1232195005034508288
1232195439740489730
1232195573408813058
1232195644594573313
1232197870838853633
1232185529577414656
1232186453360304128
1232194708513992705
1232196072057036801
1232184293092257792
1232184336960540673
1232185057349120000
1232185740487987204
1232185821656211456
1232185868678504449
1232185873577512960
1232185959053131781
1232186390617710592
1232186755262156801
1232187440082903040
1232187664478167040
1232187784271683584
1232188417255059456
1232188926280028162
1232190550058684418
1232190941303394305
1232191711142719488
1232191758408331264
1232191843552649216
1232192040148111361
1232192447847051264
1232192606353940481
1232192618961997824
1232192796934778880
1232192825002950656
1232192941004873728
1232193260766027776
1232193665021378560
1232194293110059009
1232194652071219200
1232194657309929472
1232194865657778176
1232195028593893376
1232196105540075520
1232196111076642816
1232198042364891136
1232198118407581701
1232198374310498304
1232197256058753024
1232186498432282624
1232187786477871104
1232189321266049024
1232191517500100609
1232193018326867968
1232193091311951873
1232193829870166022
1232193930894225408
1232196599092215809
1232183782356258816
1232184301267099648
1232184354589356032
1232184506347655168
1232185480126640133
1232185929596624897
1232186690988580864
1232189146162192385
1232190232625373186
1232192642898972672
1232193216356769792
1232196040759107586
1232196083306188801
1232196319525122048
1232197484555984896
1232192504101003264
1232193936598487043
1232194721990225926
1232189379235332096
1232193410586427392
1232195130511196161
1232188494962884609
1232193337790226434
1232196391746899969
1232197741545246720
1232183443787853824
1232183624830799872
1232183857400762368
1232184344338485248
1232186182320168963
1232186249596866560
1232186377787277312
1232186780805423105
1232186981481877504
1232186991007105025
1232187719327059968
1232188880343961600
1232189583032561664
1232189858854162433
1232191294245670912
1232192190270656512
1232192701241741313
1232194529895297024
1232194713610072064
1232194892299984896
1232196854139543552
1232196936347901958
1232197667968688128
1232197966108282881
1232198008902705153
1232198128633290753
1232198273835905026
1232198394677997569
1232198396099878912
1232410511305854977
1232410520956919814
1232411031101726720
1232411711757570048
1232411905534386184
1232412531743973376
1232412752175599617
1232413262437810180
1232413469867151361
1232413550754324481
1232413757361598464
1232413894108426242
1232414054506954753
1232414238729211906
1232414340793487361
1232414901282525184
1232415041577771008
1232415249531375619
1232415259761180675
1232415358516158464
1232415412513574918
1232415424551309313
1232415990853533696
1232416281820684288
1232416359813963777
1232416526659203076
1232416528357888008
1232416647442583553
1232416682943143944
1232416767353458689
1232416812370976769
1232417052197052416
1232417398407540736
1232417534420406273
1232417550912442370
1232417645720457216
1232417895944200194
1232417954689691649
1232418076664172544
1232418186563379203
1232418322496589826
1232418373214113794
1232418697438023681
1232418821593534469
1232418941231861763
1232419077680967683
1232419242349342726
1232419297215098885
1232419375485014020
1232419391658168322
1232419452068810752
1232419545308110849
1232419554401320960
1232419687599923204
1232419810249756672
1232419837776998401
1232419863114768384
1232420326644027396
1232420346386624513
1232420347632328704
1232420620840972289
1232420826101755909
1232420832695201795
1232421280164519937
1232421456098799618
1232421679260938242
1232421739340193794
1232421753655320576
1232421992298467328
1232422026394112001
1232422167603818501
1232422198259920896
1232422403873087494
1232422590821675009
1232422848670642176
1232422947144556546
1232423003184603144
1232423638349078530
1232424110879318016
1232424468414423040
1232424641098063872
1232424740717047808
1232424791749120000
1232424966890586113
1232416796994686977
1232418718350790657
1232421281204752385
1232411989974097922
1232419767069368326
1232419818609029120
1232413421242548227
1232409934874046466
1232410075169513474
1232410181708980230
1232410765849759746
1232411964959227904
1232412165648322561
1232412377364271105
1232412557618622464
1232412936469172225
1232413041096036354
1232413069797621761
1232413332302389249
1232413536049139720
1232414491591073792
1232414494078521345
1232414685917478913
1232415002671419398
1232415311200210949
1232415318615543808
1232415398630391810
1232415431572566016
1232415464250322950
1232415796275634182
1232415809034739712
1232415832636035074
1232415865452269570
1232415947778076672
1232416112060588033
1232416146760044544
1232416169484804103
1232416251688910850
1232416287038504962
1232416343862935554
1232416552584085510
1232416596209160198
1232416748986650626
1232417240135368715
1232417253355925505
1232417318363389957
1232417324059242498
1232417404686225408
1232417488459247620
1232417599763468289
1232417722723700743
1232417773243990017
1232417798409850880
1232417808400764928
1232417853992775686
1232418084167790593
1232418131768938497
1232418450104078341
1232418640986886144
1232418684464967680
1232418758725115905
1232418926585434114
1232419196379811840
1232419339225174018
1232419531852828675
1232419648689311750
1232419674345918471
1232419965141180417
1232420033806184451
1232420177255567360
1232420276836749312
1232420473461465088
1232420638482190338
1232420709672067073
1232420773920415747
1232420971925196807
1232421112610541571
1232421193178918912
1232421532594556929
1232421579394617344
1232421842805239809
1232421885993979911
1232422169294102528
1232422247182237697
1232422268707508225
1232422297283301378
1232422297681702917
1232422325917753348
1232422412379213832
1232422678029488128
1232422834560995328
1232422897756536834
1232423050139885569
1232423128485199874
1232423482635542530
1232423490134925314
1232423572569776130
1232423597324619780
1232423721685651456
1232423837167386626
1232423897359929346
1232424129007116288
1232424416576860161
1232424525914148864
1232424845834629129
1232424939539529728
1232411212975136769
1232412340403888134
1232414114657525764
1232415802168692742
1232418574607769602
1232419008244260874
1232421358186921984
1232422501894033417
1232422863141031936
1232423178938482695
1232424362571173890
1232409937701199877
1232410325041008642
1232410385338314753
1232410460479279104
1232411005109620737
1232411185162674178
1232411441665277952
1232412274574479360
1232412909856284674
1232412921961029633
1232413101842149378
1232413596593860613
1232413944326873091
1232415065715990528
1232415393421168641
1232415397024092160
1232415441743728640
1232415959115321345
1232416123318153216
1232416258919981063
1232416558854656001
1232416680774635522
1232416704820662275
1232417444297199616
1232417648069218304
1232417691530600454
1232417779275456518
1232418078102818817
1232418274291470336
1232418320969760768
1232418419791794176
1232419166143098883
1232420054115012612
1232420238047748096
1232420327931727880
1232420336664268800
1232421975257223171
1232422239594778624
1232422614896926720
1232423464587419651
1232424023264501760
1232424068349091841
1232424626732576768
1232424702745903110
1232416562369515522
1232416868490719232
1232412877241356288
1232420188533948416
1232414069866536960
1232414173545541634
1232414947138834435
1232416133740974083
1232419931125436422
1232421023737405440
1232424905934856192
1232410559800324098
1232410634916024320
1232410973039927297
1232413273502425095
1232417233151750144
1232418198592589825
1232419654733352961
1232410898821763073
1232411095492694019
1232411123850391552
1232411172785336321
1232411852732272646
1232411985310048257
1232412266974339072
1232412293243326466
1232412364768784389
1232412394250522624
1232412456133300224
1232412486600663047
1232412894677127173
1232413011878580224
1232413087426326537
1232413227620937731
1232413544068591616
1232413680408694786
1232413708770516993
1232413954158350341
1232414059494027265
1232414067354193921
1232414153333145601
1232414237705867268
1232414298531606535
1232414442706612224
1232414573388587010
1232414806029873155
1232414827580153856
1232414942021771270
1232414953291894785
1232415048854917122
1232415077774581766
1232415193747066880
1232415362177753088
1232415611898167297
1232415622866382848
1232415767741816839
1232415790151950338
1232415803611414528
1232415906720075778
1232415954082111489
1232416093958000640
1232416121069932551
1232416134105849858
1232416146332299265
1232416276607356928
1232416291308363776
1232416385747374081
1232416394358251521
1232416446065577989
1232416463857815552
1232416690530639873
1232416691629543424
1232416781639340034
1232416915898933253
1232416994533822464
1232417006055497728
1232417023138856968
1232417040733962242
1232417165355208706
1232417184959410177
1232417567588995073
1232418091671465984
1232418093558829061
1232418125729206278
1232418127146815491
1232418187662196736
1232418226967060480
1232418292767318016
1232418400858779649
1232418505280163840
1232418566319767552
1232418590403506180
1232418627275632640
1232418720133320707
1232418789314170883
1232418795412754432
1232418841491394561
1232418907484557314
1232418943857459207
1232418974547226625
1232418983871156224
1232418991328632832
1232419052963975168
1232419075306983425
1232419098526724097
1232419252390547456
1232419334443667456
1232419417142833160
1232419474386702339
1232419476836098048
1232419534440738816
1232419592766730247
1232419595807490050
1232419663713312770
1232419697146114056
1232419722106482690
1232419728460800000
1232419787743080448
1232419810270744581
1232419949274107904
1232419951367147520
1232419989170380800
1232420042161246208
1232420056480415746
1232420070099505152
1232420087597895681
1232420275301601280
1232420428439789570
1232420577614422019
1232420649425084416
1232420823560007685
1232420947531051009
1232420972680155142
1232420980699680769
1232421023414464512
1232421027986247684
1232421036039327751
1232421056725516291
1232421095350906883
1232421098307948545
1232421159850868745
1232421191316582401
1232421234547269633
1232421317628092418
1232421337945300997
1232421337945247746
1232421392668413953
1232421530149294086
1232421688454864896
1232421702921080837
1232421739658928128
1232421777940324353
1232421826128732160
1232422232556699648
1232422268447399936
1232422445354754055
1232422498286886914
1232422542981373954
1232422593241780224
1232422632093618176
1232422633754570754
1232422712611672066
1232422752667172871
1232422907894214656
1232423003566354432
1232423106515472386
1232423700743565315
1232424004637667328
1232424050963685376
1232424236247023616
1232424379100823552
1232424462416523265
1232424546453610502
1232424630482358272
1232424665198530567
1232424845570379776
1232424957776400385
1232424966609653760
1232425021768900612
1232409934601519104
1232409968294473728
1232410542066864130
1232410586950119425
1232410869293834247
1232411501736202246
1232411935498473474
1232411965148061697
1232411985335259136
1232413096804855808
1232413537873616897
1232413631498813440
1232413643473592320
1232414243829551106
1232414338239078402
1232414350817800192
1232414562831523842
1232414648500178949
1232414796479422464
1232414839554871296
1232414973126696960
1232415107126194176
1232415145239961603
1232415438002368518
1232415536228728835
1232415570622058496
1232416013175721985
1232416306936385542
1232416415245840390
1232416577515073539
1232416625208459265
1232416742401548289
1232416756351864832
1232416769672990723
1232417238914752512
1232417641291296770
1232417690112929794
1232417780961509376
1232417924167528448
1232418300023517184
1232418433301712899
1232418512716673024
1232418559319560193
1232418576029683721
1232418822516289536
1232419436365328385
1232419445974413313
1232419551654096898
1232419590816305155
1232419667836391424
1232419673817387017
1232419954689003523
1232420039971745803
1232420305706143744
1232420591522713602
1232420923577372672
1232421113403183104
1232421130394316800
1232421299135356941
1232421358551826432
1232421469554192384
1232421787079712769
1232421829823881217
1232421962942685184
1232421980613304320
1232422463725850625
1232422528934727682
1232423030296543233
1232423196760125440
1232423306915123207
1232423316285202432
1232423378121842696
1232423734293749760
1232423849700052998
1232423856465489926
1232423877357264899
1232423958525468672
1232424010610335745
1232424106475302913
1232424692310532096
1232425011056644096
1232412097730011136
1232415106379677697
1232419006977658882
1232421224581681154
1232422132371611650
1232422250646822912
1232410343193878528
1232411736214573056
1232419174682591238
1232419368392327169
1232419962112872448
1232420106023637001
1232420213716606976
1232420670551789570
1232422496210706432
1232411382861135872
1232413289826615296
1232418970705285121
1232420589534576640
1232410021822160898
1232410266635251714
1232410634882514950
1232411193614184449
1232411744032772104
1232411919480430595
1232412013512577026
1232412292362440704
1232412379259916288
1232412605144276992
1232412980408672256
1232413096498618368
1232414116968648704
1232414268320034818
1232414482892238849
1232414551188086789
1232414609379909632
1232415340988129280
1232415448970473473
1232415656672407555
1232415804676804614
1232415931596492801
1232416187402813442
1232416274191392769
1232416316918816769
1232416323382239232
1232416331888254977
1232416337500176384
1232416432375373827
1232416793265876993
1232416851394727936
1232416859229696002
1232417035788914690
1232417417642553344
1232417966093983744
1232418127457193985
1232418178166382592
1232418232226713605
1232418247108169733
1232418354360614913
1232419017006120960
1232419042398474240
1232419069439172610
1232419071381078018
1232419305976889348
1232419323240701952
1232419326738780162
1232419358959374345
1232419413103710214
1232419610177216512
1232419660311748610
1232420251456987143
1232420355790249989
1232420791985283074
1232420967172968450
1232420979240001537
1232421092012195846
1232421225881841669
1232421726736277504
1232421822412525568
1232421888636440576
1232422093452726272
1232422198364778496
1232422514623643648
1232423156532629504
1232423294974013440
1232423370756698114
1232423488855646213
1232423640832057345
1232423648813887489
1232423834084462592
1232423948631060494
1232423964661764096
1232424239602524161
1232424487574032385
1232424775705923584
1232410466724581376
1232415640440451072
1232409988053774343
1232411084306419714
1232411099997274113
1232411833799249923
1232412950994051073
1232413734599102471
1232414149482864640
1232414380891017221
1232415876407840768
1232416985801265157
1232417886108635136
1232418267341508609
1232419019984195584
1232419171570458626
1232419538626633729
1232420978363392002
1232421252918370307
1232421615557849095
1232421734919364616
1232422506209980418
1232422573180432387
1232423214904639497
1232423328171855872
1232424020773146625
1232424073243877377
1232410178118701058
1232410686812229632
1232410886217850882
1232412189417508865
1232412254349471744
1232412627634130945
1232412734962196481
1232413031826644992
1232413237527941121
1232413263679324162
1232413320260485120
1232414387002118144
1232414548793155587
1232414709095202817
1232415769532805120
1232416976108126208
1232417939309170689
1232418306713432065
1232418657910886400
1232418703599374338
1232418718799581185
1232418940334362624
1232419027802345472
1232419251379691522
1232419742360666118
1232419894299385856
1232420179042340864
1232420466800963586
1232420487998902273
1232420677577269250
1232421012832124935
1232421056704585729
1232421214737649671
1232421504484286464
1232421750463397888
1232421878469480449
1232422081448620032
1232422168430043136
1232422246272114688
1232422499343884290
1232422620517347331
1232422761987002369
1232423015264268288
1232423046952226816
1232423148529823746
1232423287541682184
1232423485844197376
1232424206035537920
1232424443038883840
1232424982577373192
1232413045772705792
1232419025143173120
1232415367177351174
1232423897833889794
1232410587239460867
1232416751268376583
1232417039979089927
1232420252601987072
1232421998200020992
1232421988569927680
1232410742990811136
1232413064525492226
1232414888401698816
1232424941678710786
1232410109512425473
1232410171084767232
1232410378023448578
1232410623482290176
1232410674053160962
1232410778659164160
1232410998708953090
1232411822529089537
1232412228344832000
1232412327129075715
1232412498701234176
1232412688279646209
1232413104459468801
1232413146557620224
1232413956964311040
1232414152389529600
1232414324200804355
1232415002071588864
1232415174776250373
1232415226881966080
1232415266103078912
1232415280443379713
1232415437419405313
1232415563776917505
1232415797944950786
1232415804731383809
1232415835530104840
1232416085602963456
1232416545940398086
1232416861041692672
1232416919501885444
1232416941920440323
1232416983934734337
1232416989844389889
1232417843360206849
1232418136286277635
1232418351940558850
1232418498401513472
1232418732414308353
1232418765410897921
1232419038816620546
1232419536818888712
1232419739802226688
1232419756956954632
1232419769346928642
1232419886107955205
1232419890197336064
1232419990617382913
1232420193223221249
1232420484291219458
1232420546878623744
1232420552549244931
1232420652084318209
1232420720686370816
1232420791972716544
1232420881651113985
1232420935594074112
1232421077671956480
1232421141920219138
1232421180965081094
1232421186165932032
1232421328755609602
1232421341283962880
1232421344203214848
1232421481147256833
1232421836333473792
1232421936246001673
1232421968319778817
1232422003384164357
1232422201271422976
1232422278295687174
1232422480066891779
1232422527303114758
1232422621846888448
1232422622421508096
1232422643149811712
1232422652121374721
1232422695360438273
1232422724162801664
1232422836666601478
1232423300908900358
1232423524675006468
1232423574411137025
1232423689725059072
1232423703335624704
1232423805060046848
1232423842888519684
1232424040280788992
1232424803895795713
