1225856270080643072
1225848783499661316
1225841906774573056
1225842827982262273
1225842957040922626
1225844758775549952
1225845278722445313
1225847377866698753
1225847680431034368
1225848174327320579
1225848472370323458
1225850897433010176
1225852371798024194
1225852676115763201
1225852749394436097
1225852997365682176
1225853331937079296
1225854392634572800
1225845015697600514
1225848610337763328
1225851193030856710
1225855184573812737
1225855813610344449
1225841830408916994
1225841907512860686
1225842023330172929
1225842770012667906
1225842849402572802
1225842956483125251
1225843766847770626
1225843934716420096
1225844022633279491
1225844114811506699
1225844134767976448
1225844255677190144
1225844268562030592
1225844950832734213
1225845748341800960
1225847953300033536
1225849169799151618
1225849547500539906
1225849628945506304
1225849850857762816
1225850234615607297
1225852422926499840
1225852594330927104
1225853052244107265
1225853081348341763
1225853735320064000
1225855436357881857
1225856228951285761
1225848417018163200
1225844370672422914
1225841710871334912
1225843574576689154
1225844502839144449
1225847270668673024
1225847333654536192
1225847363564077057
1225848837652303872
1225850022215987200
1225850559305068544
1225854037662273540
1225842018322087936
1225842549824184320
1225842964393594881
1225843735189168129
1225844014785683462
1225844121463664641
1225844644715618304
1225844844234452993
1225845931066757121
1225846537798004758
1225848289054121984
1225848573625016320
1225849787129442304
1225849868507340800
1225850159160053760
1225850749806092288
1225851597244321797
1225852559136563201
1225853075384078337
1225854590131806208
1225854694020571137
1225855305797554177
1225855549738291200
1225855773160415232
1225855892668719104
1225847423039348737
1225849644724445184
1225852839186092033
1225855550350647298
1225842427321372673
1225846104681598976
1225847414030028800
1225847598084427776
1225847897536811008
1225848615027007502
1225850740012273664
1225850759297761280
1225851189251670017
1225853236952866817
1225853286089199623
1225853868115775489
1225841672489181185
1225846423528275969
1225846799669301248
1225847760735342592
1225842893979516928
1225843488455057409
1225843504221429761
1225845559090720779
1225845909763825664
1225846072469266437
1225848172674781185
1225850421819904001
1225852127089655808
1225852802855055361
1225852844340862976
1225853627199258625
1225842356412436480
1225851561840128001
1225852395671953408
1225843276764323841
1225845429801078784
1225846990917029890
1225848046556254208
1225850015228276736
1225851138798424064
1225853881848127488
1225854338662313985
1225855346440318977
1225842979828572163
1225844205320167424
1225844521398939650
1225846483569823750
1225848949719937025
1225849428612964352
1225849549983539211
1225851834180472832
1225902422079541248
1225903441588953097
1225908833157099526
1225910031398428677
1225916042888781826
1225916174854246401
1225902057615392768
1225902883897561090
1225905133097246726
1225908129633853441
1225908243043581957
1225911623862423553
1225911852066058240
1225912838381764609
1225914085650423811
1225914271437086720
1225914613977567232
1225913030548086784
1225914155489726465
1225904904021127168
1225903139737538560
1225907699029872641
1225902189169782785
1225906758583017472
1225909216755507202
1225914142168469504
1225914231733747712
1225915664759570433
1225902085700493313
1225902143154147328
1225902463489904645
1225902763751727104
1225903172201467905
1225906177080528896
1225911298875109377
1225912421828767744
1225912828797816832
1225913118200647685
1225914653118750725
1225916669278740480
1225916798056439813
1225902800275746817
1225904862996594688
1225906787288788993
1225907050322022401
1225907472789057539
1225907966672605185
1225908443497795587
1225910456872820737
1225910601718915074
1225911207158259713
1225903756102991877
1225907503143280646
1225908198990917633
1225909247512322053
1225909264545452032
1225909661347581952
1225913457758875649
1225915401294319617
1225902187613741067
1225902540237176841
1225902889836646401
1225908987213811712
1225913487316209666
1225909649972584449
1225911749456670721
1225912199371198464
1225913407985061888
1225916516413079553
1225905436890746880
1225908547294310408
1225909589218033671
1225911281556901888
1225911971700248576
1225912377268416512
1225903872692170752
1225907965263306753
1225909689810145281
1225910170028474368
1225910228778131456
1225910229424103426
1225916313861750786
1225722679317139456
1225723765595791361
1225724120106721280
1225724148120420352
1225724326575509504
1225726923629879297
1225727696350609408
1225728458246049793
1225731115488440320
1225733450201751552
1225733699645235200
1225721043798589440
1225721716732760069
1225722148053868544
1225723641209376768
1225723887985602560
1225725215457632256
1225726164456628230
1225726257410772992
1225726368140447745
1225726808525545472
1225727441936830464
1225727542373625857
1225727842417336321
1225727985162051584
1225728219086802944
1225728655508328448
1225728957674393603
1225729279964610560
1225729451880742912
1225729696266170371
1225730087238148096
1225731069258932224
1225731693404803072
1225731795993362432
1225732030840922113
1225732181450010624
1225732442784354304
1225732446949462016
1225732456973819906
1225732769415823360
1225732855776583682
1225732954132971520
1225733232383209477
1225733280412176384
1225733702166073344
1225733826627952640
1225734265297567744
1225721869090926592
1225721652341886976
1225726605546475520
1225735713838321664
1225732789527629824
1225730623408672770
1225721001561948161
1225723214774652928
1225723945187467266
1225731474873356289
1225721086446313472
1225721562625605633
1225722918446997505
1225723024260960257
1225723362216943622
1225723855752376320
1225726538273914880
1225728373797855232
1225728915869704192
1225730387835486208
1225730481200738305
1225730646116622336
1225731179694956546
1225731313736413184
1225732082401411073
1225732197996519424
1225732685022232576
1225733025004126208
1225734321312608258
1225734820153700358
1225734921186091009
1225723836315906048
1225725748805349376
1225726193527410688
1225729402903900161
1225730621118566400
1225732273682747392
1225732814378799104
1225732905084837888
1225733478160982018
1225734390476611585
1225734407983640577
1225734413398331396
1225734728990560260
1225720932045656064
1225721471542202368
1225721606682685440
1225721734382456832
1225722213896278016
1225722587331878913
1225723750156570629
1225726626530504705
1225727795453550594
1225729069926567942
1225729678683639815
1225731204743340033
1225731701013405696
1225731735167610880
1225732344352514049
1225732677258616832
1225733338796875776
1225733549610950657
1225733654330126337
1225734197077323776
1225734711118426113
1225734730282422272
1225734844426211330
1225720881638526976
1225721721388511232
1225723062177484800
1225724900024967170
1225727116739850240
1225727352413544449
1225728046709329922
1225728214926008320
1225728384354988033
1225729318397128704
1225730315920060416
1225731005178400768
1225735548276551680
1225722926827286528
1225723489434337280
1225725033290649605
1225725361666887680
1225726165404585985
1225726195548987392
1225727726167957505
1225732195802849288
1225732715758194688
1225733760861265920
1225735744943198210
1225733837344452609
1225733917791178752
1225724925715111936
1225725883329187840
1225727173107081216
1225728605277298690
1225729421711159297
1225735610087985152
1225722199950200838
1225722798775185409
1225723003914399745
1225723597072879617
1225723612344332289
1225726002170617856
1225729567823888386
1225730768456093698
1225732608836935681
1225732878140608513
1225735471503945728
1225735542312198145
1225640359180398592
1225633401434042368
1225633887239327744
1225640580815847425
1225632472798351360
1225641411866845185
1225635324283342848
1225643660739350528
1225632166744227842
1225797196718772231
1225798464468082689
1225799793668218880
1225800422352396288
1225800598139830273
1225801610602962944
1225804888627666947
1225808414980308992
1225809353850183680
1225796384395268097
1225799139243499520
1225800038451941377
1225800181922353154
1225800515650490368
1225800520478023680
1225801548497854465
1225802100640305156
1225803038448705536
1225803049588813826
1225803284948176897
1225804441460396033
1225807690343030784
1225809079324626946
1225805152524865536
1225805378816008192
1225796613072998400
1225801004169318401
1225801317840539648
1225801492428414977
1225801922889867264
1225802844202307584
1225803733747064832
1225804896403849216
1225805032588791808
1225805372788813824
1225805933986578435
1225806615036747777
1225806673123663875
1225807000715526145
1225807199890558976
1225808346298699777
1225810306808664065
1225810866450255873
1225810960948105216
1225811440596066310
1225797624046989313
1225797856302424065
1225807109557825536
1225807381076086786
1225808617812742144
1225805053849554946
1225805484378079234
1225809208756572162
1225809539397832705
1225798271605538817
1225798631657279488
1225798737970290688
1225799207392567297
1225803275229941770
1225803782421872640
1225804720587100161
1225806942830055425
1225807129631690759
1225807706226745347
1225808037912489984
1225809077407752192
1225809263899168770
1225810914693218304
1225811074320158720
1225797251877961728
1225798194778562561
1225798203410460674
1225800345021972482
1225800445697970176
1225800675575115776
1225800905884344322
1225802636462567424
1225806887087673344
1225809330122952706
1225810112629084161
1225799304553619463
1225800426152452096
1225796360672178178
1225796582706221062
1225798601751879682
1225799037183500290
1225799492340940800
1225800418757922819
1225801397238628352
1225801516482777088
1225802264331374593
1225803152563281922
1225803667623890944
1225803883886370816
1225805748720095232
1225806936316227584
1225807376017772544
1225807581953708033
1225808246751059968
1225809115160563712
1225811174601711616
1225798053493379073
1225799978116898821
1225800466824646657
1225800565998997505
1225807512357801984
1225808395246227456
1225798347254063104
1225802645425852416
1225803403378462720
1225804529494614016
1225805528531718146
1225805815145271298
1225806219287449600
1225807515021172736
1225808143009054721
1225808288425631750
1225808592546209792
1225808959493279744
1225809301924696065
1225809650735570944
1225809722391003142
1225810070396641281
1225810440749559814
1225798236096647168
1225799525018873857
1225799561203081216
1225800220887408645
1225803710724440064
1225809874623307778
1225796497507323906
1225797224334012417
1225797902175473664
1225799825377103872
1225802104582918144
1225804804297035776
1225806835149570048
1225807782504534017
1225810497364221952
1225810996595433472
1225796486329438209
1225797102846009347
1225797390344622081
1225798125996171264
1225798537981702144
1225799451563974657
1225803685374185473
1225803946523889664
1225805920439078913
1225807329616187397
1225809182886125570
1225809956378685441
1225811002949799936
1225680609114116097
1225681349400358912
1225684502376136705
1225685944583389187
1225688290835103744
1225683255564754947
1225675903805427713
1225678398346809345
1225678646431473667
1225679327238348801
1225679764096090119
1225680024352612354
1225681190620819457
1225681704234274823
1225682053284282368
1225684244002816000
1225684824171565056
1225685770175823872
1225685973582827520
1225686590992764929
1225686741488529408
1225687186353180672
1225688534750650370
1225690428181082113
1225690650676346880
1225675927645913091
1225687754341638146
1225677080274198530
1225687312824061952
1225677503273951235
1225677117037277185
1225678187457171457
1225679887278587905
1225682043750608896
1225682575521222663
1225684594181070856
1225685566869532672
1225687960357441536
1225688440525639680
1225689202064408576
1225689598241624064
1225690233951248385
1225690451467849728
1225675742169616387
1225676315170234370
1225676588894699520
1225676782411509761
1225677808967409664
1225679449242263553
1225680943819550720
1225681273701535744
1225681975140241410
1225682358881243137
1225682720866521088
1225682945223999491
1225683447957483520
1225684427067412480
1225684829506686978
1225685019055673344
1225685684742062082
1225689558198571008
1225690617776226308
1225679409631264768
1225675626436104193
1225675723123281924
1225675811128102913
1225675915700523008
1225676343301378055
1225677866307735552
1225678180888956933
1225682899212500992
1225683184995536896
1225685642945822720
1225686094731071494
1225687950748315648
1225688741555003392
1225676568078340096
1225682444117917699
1225687231249043456
1225688422116802562
1225690145778626560
1225679382351470594
1225681621082206209
1225685232638021644
1225686591487660033
1225690291337748481
1225687768828796934
1225677944627949570
1225679257554190337
1225679547099566080
1225679903992860680
1225680535470477317
1225681234669391874
1225681236875591680
1225682244464865280
1225683319599222785
1225685398220754944
1225686860711620611
1225687318163415046
1225689417567752194
1225675936638439426
1225676819124244481
1225676911122059264
1225677334918787072
1225678690261979136
1225679388743614467
1225682002201862144
1225682124109271040
1225686012468191232
1225881128797601792
1225882343342247938
1225884868145557511
1225872008384319489
1225872835194781697
1225873881916899329
1225874334100729856
1225875018547990528
1225875046805188608
1225875342767714305
1225878214184177665
1225879222272565248
1225879265704583168
1225879411381108737
1225879528754630682
1225882245405253637
1225883088540053506
1225884700880855048
1225886351691784194
1225886411926179840
1225873999231639552
1225885778351415297
1225885927836471297
1225872554621054976
1225873744016683009
1225874333547073536
1225874436823404544
1225877065574109185
1225877730329341952
1225878675712880651
1225879060880011264
1225881099664056320
1225881874104537089
1225883699323064320
1225884522270658560
1225884678294556672
1225885075323129857
1225885152129290241
1225886368011821056
1225886573276880898
1225886469694349315
1225872362010292229
1225872806002466817
1225876576996294657
1225880519382093826
1225880589905092614
1225883878122020864
1225886789820452865
1225872227209564160
1225874503718273030
1225875125561626624
1225876746911830017
1225877361427730432
1225880511505195012
1225880619198156803
1225881849685254145
1225881959190024192
1225883425166495744
1225884986684911618
1225885833351266304
1225886107440644098
1225877335171371008
1225878695501422592
1225881514476478465
1225883398893449219
1225883541311049728
1225884446416613377
1225885110240714753
1225885258362564613
1225885412989849600
1225872360097689601
1225872856598433793
1225876169649803265
1225876883289583616
1225877191575187456
1225877783374696448
1225878361697898498
1225881421555916811
1225881674921037824
1225882451710554112
1225885745619128320
1225886812285145089
1225874211765354496
1225879711370403840
1225885671518359556
1225873596641415175
1225875522749632512
1225877251507527680
1225877271719878658
1225882826626740225
1225885476122431488
1225872105817821185
1225880598792876034
1225882087703617538
1225884055465603072
1225874561096462337
1225882077872246784
1225882226845462534
1225883165992112128
1225886079724728321
1225873032452935681
1225873063667019776
1225876800825438210
1225883165878870016
1225649883127808003
1225656012440424451
1225657414910799872
1225657424670949381
1225657436175863810
1225657445994811392
1225657456149184512
1225647498607218695
1225649582031245313
1225651689417347072
1225653983559049216
1225658206644424705
1225658528750157824
1225646853128998912
1225659358987423744
1225653567878418432
1225655999320641536
1225656565329354753
1225653313892302848
1225654918893015040
1225656892589891584
1225658522110582784
1225648581681405957
1225651970473484294
1225652191991451650
1225652445147086848
1225652460368187394
1225657873197219841
1225660286394228738
1225651902991355904
1225653470599888897
1225654788504739841
1225654994663161857
1225658685835202561
1225656085287071750
1225659178909192192
1225657250175303682
1225648270174646279
1225655500915658752
1225659656862752770
1225812765916438528
1225814901337284608
1225816450331484160
1225820062491250695
1225822931651002370
1225812715064700928
1225813156464861184
1225813294646165507
1225814422146473986
1225814888817274883
1225815583465394177
1225816313442054144
1225816595513167872
1225818573966319616
1225818857266388993
1225818944310849536
1225819165904293888
1225822897945612289
1225822986093178880
1225823059577376768
1225823562621165572
1225824261148942337
1225824699416010752
1225813469255098373
1225817216093954048
1225821928704872449
1225813430201966594
1225814916743008258
1225821077072482306
1225821621316878336
1225822256187760646
1225818082536546304
1225811686445240320
1225816393049919488
1225818848064155648
1225822632383336448
1225823260400586753
1225825221338423296
1225825887633002498
1225813205974503425
1225814118604496897
1225814134132006913
1225815754198732802
1225817395383689216
1225818466776731653
1225819162443997184
1225819554594643973
1225819625973321728
1225819921864626179
1225820958356840450
1225821817081933824
1225822971786407937
1225825389383122944
1225825715431657473
1225811523966205952
1225811711913078784
1225813800617742336
1225814449782693890
1225814790485966849
1225815705435680769
1225817380502331395
1225818076022759424
1225821193980215297
1225821519995179010
1225822884439973889
1225823446845808640
1225824289775083522
1225824543509491713
1225825394437349380
1225812072124076032
1225811476063105024
1225812552791339010
1225812816164196352
1225815123039838208
1225816497345507328
1225816692019933184
1225817687043006465
1225818142737256450
1225819205280391170
1225822041510682627
1225824042508308480
1225824213400985601
1225824607430725632
1225824742340468738
1225825891911114753
1225826142692823040
1225817857600126977
1225824328618594305
1225825083068952576
1225813618417160192
1225818747308564481
1225820393623166977
1225825566160490498
1225813649979256833
1225819712665346048
1225811959427129345
1225813849351299072
1225816585304186883
1225817613944619009
1225813967987146753
1225814185621250048
1225814450944520193
1225815638263902208
1225815732879069184
1225816016908947456
1225816677675360257
1225821531680444417
1225821546419232773
1225822496374562816
1225823015591665665
1225826189329211392
1225785933242490880
1225787530039250944
1225789139422973953
1225793003274588160
1225781574152704001
1225792158273343488
1225781337640067073
1225783207720890375
1225783247075991552
1225783254801960960
1225784408826896387
1225786070739996672
1225787296580063240
1225788551582887938
1225789083517145094
1225793163341770752
1225793702158884864
1225793927665651712
1225794719982194689
1225795565411237888
1225787196797526018
1225789060142243842
1225789385234436096
1225791685579485185
1225791880723607552
1225792027696226304
1225792087012016133
1225792166045323265
1225792581520568321
1225795705505275904
1225782175775281158
1225782313113530369
1225783042284904449
1225785757501181953
1225788373551452160
1225781350206263297
1225787788399988737
1225788858010341377
1225794751795998727
1225794936764796929
1225781927506071552
1225783631010025472
1225785626240462849
1225790594984878080
1225791575072047104
1225792168280895488
1225793827379740673
1225794161930067968
1225794516034170880
1225781658797907969
1225781687310782464
1225781700694880262
1225784350236717057
1225785076140646402
1225785642044530688
1225786391331835905
1225787205748248576
1225787753205551105
1225788784115142656
1225789324232462340
1225790104523939840
1225790470787346434
1225792300846067712
1225792996433682433
1225793530980970498
1225793840554090498
1225794008351485952
1225794916606935040
1225783909058637824
1225781750497992705
1225782603082555392
1225782964228849666
1225783156365840385
1225783793350516741
1225784038876733440
1225784514561150977
1225785311705341953
1225785671492800512
1225786438614179840
1225786528888246273
1225787062290276353
1225787592442097665
1225788849181396992
1225789138928099328
1225790280324075523
1225790743610118152
1225790813906644992
1225790836585062407
1225792509365956609
1225792527057420288
1225793419676717056
1225793916445822981
1225793977661763585
1225794587282804737
1225794934957056007
1225795141299994625
1225795273932333059
1225795457538052097
1225795574626226176
1225795625301790720
1225795860811804672
1225796205466259456
1225790812006559744
1225781857641467906
1225785867203153921
1225787044095561728
1225787443250704385
1225787628756307970
1225787998433947648
1225788594423508993
1225789251008303110
1225789779045994497
1225790335466573826
1225790822395805696
1225791097730994176
1225792586234957824
1225794044040765442
1225794257757360130
1225795333621526530
1225782545004011521
1225783499174612992
1225784083562803200
1225787126966636545
1225790452282134528
1225794591946833920
1225795348721000448
1225781693442920448
1225783819556544513
1225785540601094145
1225786393680584705
1225792371645931520
1225795569047801857
1225795701373841410
1225782756547973121
1225782880795873281
1225784182430978050
1225786169159491584
1225786562522296322
1225790221461016576
1225790231045115904
1225790497496670214
