1224816534125674496
1224816824497385474
1224818038920417286
1224818903244734465
1224828521396297728
1224816577306157058
1224822195421097987
1224822611705843712
1224822944171462656
1224823267430670337
1224824385527263242
1224826167129268225
1224827500825542656
1224829683767873537
1224829909769560066
1224816085108699142
1224824524471926785
1224816400419688449
1224816754033070080
1224817854178086913
1224819885613748224
1224822386660401158
1224823491079417858
1224824684082012168
1224825819790528513
1224826659188170760
1224828921461473282
1224829197052411905
1224819178701512709
1224814890344423426
1224816374675013632
1224819893666820096
1224821724425916417
1224821907809349633
1224822138236022787
1224822667578089474
1224822726482976769
1224822789221253120
1224822795080806400
1224823030846754817
1224824775014481922
1224825968914784256
1224826012896256005
1224826770542813189
1224827106284072961
1224827263729971200
1224827268918398980
1224827479849914368
1224828130994589698
1224828706448969728
1224815439672496130
1224816019639799809
1224816275882479620
1224816549086797824
1224817025576587264
1224817230141173761
1224817371321372674
1224817756438192132
1224818181904257026
1224818493012484097
1224818606321684481
1224818985952260096
1224820319363444738
1224820822562476033
1224822363537182722
1224823559375245313
1224828584222584832
1224829786431860737
1224818682787966976
1224816314407104513
1224816935025639425
1224818985524396035
1224819092529598481
1224821277338341377
1224822180313210881
1224822269064761344
1224822577362882561
1224822678231699457
1224824195282063364
1224826704549556229
1224823458271506433
1224826689462710272
1224814995369795584
1224816878725599233
1224817222205542400
1224817304011247617
1224817592277311489
1224817934188662784
1224821132731260928
1224821334565367808
1224821410733924352
1224825833417736192
1224827238438313984
1224828308208209920
1224827843332509697
1224819986201444357
1224823212535578624
1224823393578561536
1224816220903563264
1224816507680706562
1224817233089695746
1224818403350892544
1224823852917805056
1224828183196905473
1224769990320103424
1224772044883099649
1224772671176658948
1224773506333904896
1224773554572533765
1224774056978894849
1224774697126154245
1224775010809798657
1224778057451524103
1224781337288200194
1224782871480631297
1224783861692932096
1224771068172423169
1224780346279022597
1224769775089471488
1224771242596732929
1224771386058715136
1224771614350417920
1224772429072957441
1224772591455473665
1224773114929786880
1224773161172045827
1224773482417926146
1224773622419664896
1224773690551828482
1224774638909165573
1224774640737955841
1224775130376744960
1224776232086183936
1224777405543407618
1224777481229668354
1224777673068687360
1224778266227216385
1224778406442754049
1224778819409797121
1224779310965448705
1224781618507911170
1224781967423692807
1224783069091155968
1224783083825778688
1224783253703405574
1224779889469022208
1224780899952349186
1224771954634383360
1224772928010706948
1224773333151047682
1224773399257460736
1224774582181289985
1224775127914684418
1224775320894693376
1224775406475272192
1224775781185982465
1224776541718138882
1224777026793623562
1224777215499546627
1224777327692910592
1224779126164414464
1224779772426948611
1224779886050541568
1224783576106983435
1224769667589386240
1224770466704973826
1224774089400864783
1224774125241143299
1224775477388247041
1224776061029900288
1224777889725456384
1224778989345992704
1224781999824678912
1224782750676389891
1224769800091721729
1224770188270297088
1224772075904274432
1224772172427812865
1224772366317817859
1224773294387290113
1224773748714352642
1224774263800061953
1224774463893528577
1224774509648994304
1224775535559159809
1224777762830983170
1224778671124295687
1224778973651046400
1224780138245689346
1224781520180842498
1224782181660229644
1224783070689099776
1224783302525059073
1224784485037826052
1224784585428545536
1224769639625961472
1224770896763785218
1224770962299805701
1224771144428986368
1224771178482610181
1224771938121371651
1224772107336159232
1224772254279454720
1224772530935869440
1224773095065628677
1224773678870794241
1224773890217512960
1224774683175858176
1224777529053057024
1224777696661639168
1224781115346554881
1224782669352927240
1224783595031625735
1224784400359075841
1224784544911577090
1224772732879101953
1224773216880791555
1224776231884918784
1224780688504901633
1224780794666934272
1224783053719048193
1224784017293291522
1224770125385125889
1224771108441706505
1224772233463324672
1224772889204985856
1224773111683387396
1224773586340106240
1224774097407746049
1224774245592399872
1224774510726897664
1224774932107841536
1224775299683868673
1224775739200937987
1224776396746063872
1224777229919490048
1224778002220929025
1224778191157460992
1224779041871486982
1224779191817850880
1224779461926817793
1224780870072008707
1224784666126966785
1224773597396381696
1224773963114520576
1224774926747471873
1224779471686897667
1224780530878746626
1224780532187389956
1224781694387085313
1224769988663369730
1224770551484506113
1224772028319830017
1224772101015511040
1224772157672022016
1224772764428591105
1224772875078553601
1224773752006893568
1224774329616998402
1224774490510569472
1224775756078833666
1224775882931343360
1224777556836126726
1224778687532453891
1224779755993620480
1224781383517843456
1224782401840259078
1224783471400423426
1224783892219076609
1224781843964231681
1224784100139118592
1224773730871717889
1224778700413186048
1224782810738831360
1224781401976922113
1224769745486077955
1224770102240993282
1224770384182042630
1224770423285583874
1224772980884037632
1224775299772157952
1224776453411213317
1224778475011289089
1224779585155485702
1224782048155643905
1224770123363430402
1224770964258467841
1224771540652261376
1224772610275364867
1224773344622448642
1224773719786250240
1224774073584144384
1224775507084029953
1224775690316324869
1224777883916423168
1224780011657363456
1224782330201542656
1224800267796959232
1224806239420538881
1224814109394382849
1224814835680075776
1224800297383612418
1224801537744085000
1224801704606126082
1224801914086400000
1224803655850827777
1224806971901038592
1224807464224292864
1224808869886599169
1224813254771343360
1224814244090216448
1224800965745958912
1224806363852918786
1224809352130965504
1224803172159565825
1224803375419658241
1224804803253096451
1224805161371082754
1224805362412523520
1224807194757038094
1224808004224192514
1224811156872880128
1224811531126353928
1224807667157405696
1224806835703685120
1224808283728465927
1224808736797220864
1224813382051692544
1224799953505013760
1224800680474443780
1224800681183391744
1224800709922738178
1224800795922747395
1224801329282940928
1224801349482811396
1224801678815383559
1224801761489301507
1224802234090885123
1224802412956979201
1224802927157616649
1224803216518459393
1224803628944371713
1224803754777698306
1224804585375698951
1224804959755079682
1224805475432194049
1224805584987398144
1224805585390067712
1224805606349066251
1224805675034955776
1224807075152322561
1224807460998991872
1224807817942634498
1224809337769668612
1224809463275757573
1224809877228396544
1224809931293052931
1224812456310124551
1224813378226544640
1224813635521908744
1224813854733094912
1224814065727557632
1224814102083702785
1224799812941492224
1224800245734834179
1224801194041692160
1224801524431441920
1224801716421451776
1224802476567814146
1224803141025259521
1224804940725522435
1224806730162429958
1224808544278589440
1224811956089036803
1224811992881541123
1224812449679007750
1224813821409333250
1224814529038749702
1224802249999777792
1224802885290151936
1224805862843330560
1224806539107733509
1224809592586149888
1224809672793907201
1224811371918962692
1224811725918298114
1224814705828679682
1224802706369499144
1224804082780712960
1224811171049549826
1224811328428224514
1224800083297828864
1224803777628295173
1224804117127880704
1224804997868740608
1224805117846806528
1224805813707071489
1224805894850011136
1224806032804909057
1224806821539524616
1224807116126531584
1224807532847357952
1224807715379302401
1224810439072210944
1224812150763507717
1224813132247445504
1224813227156090883
1224813329362964481
1224814174150197251
1224802540463648769
1224800213073907712
1224801667868172289
1224804995020853249
1224806139159883783
1224806389765242882
1224807475985158144
1224807850133934085
1224813642291589126
1224814224771293186
1224799895908950021
1224800963267059717
1224803020476755969
1224804244420812801
1224805061135601664
1224805376551522309
1224806840770486272
1224808095169359872
1224808174378790912
1224810152525750272
1224812748246343680
1224813327810994179
1224813660436094977
1224813741595906048
1224814205678899200
1224814545425850368
1224814674857906176
1224664451737096193
1224664818176708608
1224667361317400577
1224667658626441216
1224669205137711106
1224670000700588032
1224671151588282368
1224671856176791556
1224674087018156032
1224675971229458432
1224676492262555653
1224678947599867904
1224664253761826816
1224664619219857409
1224664757074059265
1224665099115339776
1224665278157553664
1224665786628943872
1224666046398791686
1224666431876423680
1224667438463311872
1224667449880195074
1224667496697008130
1224668795832360960
1224669372846878721
1224669637033496583
1224669694021390336
1224670095126994944
1224670119894437893
1224670302069755904
1224670674473623552
1224670697034846209
1224670704483721216
1224670706979336192
1224671567080280065
1224672336177053696
1224672994750013442
1224673074185932800
1224673219950473221
1224673222257299456
1224674775844474881
1224675762013442048
1224675792426348544
1224677868283842561
1224678152561139713
1224678831061114880
1224673246512943104
1224673490378215424
1224668959967936512
1224669261660147713
1224669403284983809
1224669847977676802
1224672260109357057
1224672513864732672
1224673765826666496
1224674017648443393
1224674966144196610
1224665820103675905
1224673488755097600
1224673783925157888
1224663961557225473
1224664548306771968
1224664662291156992
1224666465078476804
1224666549941784576
1224666685803782147
1224667826918739973
1224669651671617536
1224669765123354624
1224671484716769282
1224672456172015618
1224673332806721538
1224674615533936640
1224675137691291649
1224676320233304065
1224676577256054784
1224677842690232322
1224677932938993665
1224678538466471941
1224678772294717442
1224663983765905408
1224664565931220994
1224664840179998720
1224665233152606208
1224665409959485440
1224665966644277248
1224666104301342721
1224666336485429248
1224667455676649474
1224667543224438784
1224667886796623872
1224668324858081280
1224668495499218945
1224668775951294467
1224668892674564102
1224669381415919617
1224670516507791361
1224671771284164609
1224672550044798976
1224672631854718977
1224672978379689985
1224673367015542784
1224673486557405184
1224673652072947712
1224673876703092738
1224675317333229568
1224676341624250370
1224677294041653248
1224678387043749890
1224665446940581889
1224664914465378304
1224665725551501313
1224665748255191040
1224666084193849344
1224666423760506880
1224666475107180544
1224667285404688388
1224667310717308928
1224667465768194051
1224667517530136577
1224667924956426245
1224670595285159936
1224670753615962112
1224671200800055296
1224672873509457922
1224672929272803328
1224672954283200512
1224673331250716673
1224673520241860609
1224673960907939841
1224674223341199361
1224675375516725248
1224675828832919554
1224675915353010176
1224676930022182914
1224676974062338048
1224678226280226817
1224667594885492736
1224673903794118656
1224674593023107073
1224674803786964992
1224674915686780928
1224677397506732032
1224665495070302210
1224667945835560960
1224669790863872000
1224669867263037440
1224673283817250817
1224675148516687872
1224675151721181186
1224675863712751617
1224678522985369600
1224665937779068939
1224666224115757057
1224670063598481410
1224670238215720960
1224670845768957953
1224672659662872576
1224677086356480000
1224664461581090819
1224665229298163712
1224666002123907072
1224666914531815425
1224667086749863936
1224668079852003328
1224668859925442564
1224669461543837696
1224671148425777152
1224673779575590912
1224676774635765767
1224677207429218304
1224678404970156032
1224678811419148288
1224485346202869762
1224486169678962697
1224493631756820481
1224494256687108098
1224487272332001280
1224482700234567680
1224484039291211778
1224493296325681152
1224487905315512321
1224487942841782273
1224492517845913600
1224495094721662977
1224485342859923456
1224488149868535809
1224494674808836096
1224497772021387265
1224491628271894528
1224739605246881792
1224740347114291200
1224743093641076736
1224743419983122433
1224743656189505538
1224747731241066497
1224748920288530433
1224750963350740993
1224753149216542722
1224739957404839938
1224740155434717185
1224740251203264512
1224740667097677827
1224741089627791360
1224741510102560768
1224741740831264768
1224741756916371456
1224742742498123778
1224743231382085632
1224743615970402305
1224743909219237890
1224743965603303424
1224744712692817920
1224744716266172416
1224745503205752832
1224745697976582149
1224745801282465795
1224746596979691522
1224747149965103105
1224747161818140672
1224747428311683081
1224748107721773057
1224749186358398978
1224749254528438281
1224751815511724032
1224752151597068289
1224752396267675648
1224752492640161792
1224752624446124035
1224753193340538882
1224753260990550018
1224751200463130624
1224751986823876608
1224752091723378689
1224739485642055685
1224739665430876160
1224741149908271108
1224744928841998336
1224745902960709634
1224746202035638274
1224746467556052992
1224746470911418368
1224746574619824136
1224750694617489408
1224752853845266437
1224753055419314177
1224753570072997889
1224748587873116160
1224750982329819136
1224740783426887680
1224741884448378880
1224746625198907392
1224746701874978819
1224750847642476544
1224740946656493569
1224741656647348229
1224743061256884226
1224744929685114880
1224745448751226882
1224746446337073154
1224747914582482949
1224748028902461441
1224748330892382209
1224748473234358272
1224748686577676288
1224748742273880066
1224749317388410886
1224750229511032832
1224750814935363590
1224751141038305280
1224751195652284416
1224751825733267461
1224752106499985412
1224753124675670017
1224739621810122754
1224739796637114368
1224739942384926721
1224741011009785856
1224741310055186432
1224741560564289538
1224742429858893824
1224743046669066240
1224745184589766658
1224745641609519107
1224747097494360066
1224748884276260865
1224748916001976320
1224749440222859266
1224749862677372932
1224749949524508673
1224750769649410048
1224751880087187462
1224752049952382980
1224753030731649030
1224753676104937472
1224752557152710657
1224740686194409472
1224741259014819852
1224741567916912643
1224741899774414849
1224741971958341637
1224742057115365378
1224743976768626689
1224744969182830596
1224745322808774661
1224747010093240321
1224747699972472836
1224747757799452672
1224747808621764610
1224748150868664320
1224748268124561409
1224748479857164288
1224748632303456256
1224749018108047360
1224749167228203008
1224749614307385345
1224750568951824384
1224750778688196612
1224753091452526593
1224741164617736192
1224743686996668416
1224745702628233223
1224747233901498373
1224748176864882688
1224748365923213316
1224750677769052160
1224751572263014403
1224751910110089216
1224753727258742790
1224741638003621890
1224742720687804416
1224746276409040898
1224746724608159750
1224746938702143489
1224747492492922881
1224748808845910017
1224751686897557506
1224754183481499650
1224754429162917892
1224739847396524034
1224751791163813888
1224739765658030080
1224740310993047552
1224741703246065665
1224746611798171649
1224751570832756743
1224753881781014530
1224740720059305985
1224741949531402246
1224742971473453058
1224744138169638913
1224748326114996229
1224748537101066240
1224748646471815169
1224748864932065281
1224751302988718080
1224525344482328578
1224521841127100416
1224524614837030912
1224525242502086656
1224527262818676738
1224522908015394816
1224523023425863689
1224521863616819200
1224513526485614592
1224513959488892930
1224514395860099075
1224514584087859200
1224512947524947969
1224517669577265152
1224526262502395904
1224515921357824000
1224517402249121802
1224523949561782273
1224524198451777536
1224526053437333505
1224526815122853888
1224517952969592833
1224521323608788992
1224522439071358977
1224633710189993984
1224634527823335425
1224635489208143877
1224636755300757504
1224637439001710593
1224638209281404928
1224638238687666177
1224642855089688576
1224643199953711104
1224644463529734144
1224645328676302849
1224646283673161729
1224647796873146368
1224648108501585920
1224634234981232640
1224634364430028800
1224634910440349696
1224635065944150020
1224635453867024386
1224636022337757185
1224636616888737792
1224636847286112256
1224637303152435200
1224637326153912324
1224637481263304704
1224637988757372928
1224638185554182145
1224638414387122177
1224639815959896065
1224639967256858625
1224640291258490881
1224640677100826630
1224640835981127680
1224641717678362624
1224641905159524352
1224642003683680256
1224642258990813184
1224642260924395522
1224642388863287296
1224642470891458563
1224642471608582149
1224642842213175299
1224642876715491328
1224643016981471232
1224643100120899586
1224643294044532737
1224643494855299075
1224643895188848640
1224643895742455809
1224643897369989120
1224644024289546241
1224644038139219971
1224644830548107264
1224644975599804417
1224645127995641858
1224645407139074050
1224645410842664961
1224645675763236864
1224645741592961024
1224646030949593089
1224646290165981185
1224646295291297793
1224646301901561856
1224647945242497024
1224648307273658368
1224648553806450689
1224637411956871168
1224647806549360640
1224645173868625920
1224646287284490240
1224648133814124549
1224640762840829952
1224641877107970054
1224642530215632896
1224642601929846785
1224642644556570625
1224642833346387968
1224645113160380417
1224645616049049601
1224645740963778560
1224645971386171394
1224648448072396800
1224634286139150337
1224635054141382656
1224636191787626496
1224636349925543943
1224637211364200448
1224639988651954176
1224640730171236353
1224641622274650115
1224641767326277634
1224642067692957696
1224642291001896960
1224642733035401217
1224642888040112128
1224642964804247552
1224643255129735168
1224643841682288640
1224643881301618690
1224643892131266561
1224643992832356352
1224644127897333760
1224644657939996672
1224644772889026561
1224645227388067841
1224645353447862273
1224646708015124480
1224648303456833536
1224633697812377601
1224634341143334912
1224634491773374465
1224634543124156416
1224635825842982912
1224636212562079744
1224636353880698881
1224636431957659649
1224636524492476416
1224637121132138496
1224637673253588994
1224638626597830661
1224639304489734144
1224639384764456960
1224639574221172739
1224639824226934786
1224640288238587906
1224640454202920964
1224640634771922944
1224640779358035969
1224640913084907520
1224640975005458432
1224641183458250752
1224641472840060935
1224642373470343170
1224642704870662144
1224643432628486144
1224643858975404032
1224643926772080640
1224644066505261056
1224644198848245760
1224646199623475201
1224646233630937088
1224646591191056387
1224646860356423680
1224647003076005888
1224647164883881984
1224647202200571904
1224647411290857473
1224648001790119936
1224648207558418437
1224648387879997440
1224648395907850243
1224648615035129862
1224647541100294146
1224633767618318342
1224635112404529152
1224635136060411907
1224635267287584769
1224636317902036992
1224637456563286016
1224638255985045505
1224638386893393920
1224638873818619904
1224639278547963905
1224639308675633153
1224639858431479808
1224639882250932224
1224640218080391171
1224640336997289989
1224640590442389511
1224640824912359425
1224641190227775489
1224641252228059139
1224641381781602305
1224642095836794880
1224642914321666048
1224643147680010240
1224643243238993922
1224643487431303168
1224643780638203905
1224644223393288193
1224644533805355009
1224645700446760960
1224645999718817792
1224646475247910913
1224646687228153856
1224646964526092288
1224647351345852417
1224648200654553088
1224648488266469376
1224648727635341312
1224633711485952002
1224633920630743040
1224634971865993216
1224637827742347265
1224646318133477377
1224645257637384192
1224645287416868864
1224645476689022977
1224647393540550657
1224648358670802944
1224648683146358784
1224648382888792064
1224641765363372032
1224644921468030982
1224646378959314944
1224646605409849344
1224646910436347905
1224647564168921088
1224647763062927360
1224648617698394112
1224634282469183489
1224634361032708097
1224635914963640322
1224637769215086593
1224638150057844737
1224639332096659457
1224639363939782656
1224639911208333312
1224641376362561537
1224641569883590656
1224641639412649985
1224642154850586624
1224642857996341255
1224643647297277952
1224643760992280581
1224644611995553795
1224645561560846348
1224646271883005952
1224646376350416896
1224646827548516352
1224646856124313602
1224647317258674177
1224647618929840134
1224648265624440832
1224648397589766145
