1226190613378404359
1226194538215170050
1226196731060195328
1226201842914385924
1226202613651300353
1226189710021754882
1226189715352801280
1226190486014242816
1226190490237841411
1226191024487370752
1226191324132630529
1226191974006390785
1226192519974866947
1226192639843852288
1226193753200844800
1226194182240428032
1226195094447042566
1226195443996033025
1226196618573238273
1226196681722597377
1226198521189105665
1226199579344982021
1226199895943581696
1226203404059447297
1226194100694720515
1226195676331151361
1226200526796328962
1226189030754267142
1226191212857774085
1226191618480406528
1226193814492209153
1226195305214992387
1226196467741753345
1226197619728375808
1226198753708736518
1226195018005843968
1226193993215676416
1226197669237985283
1226198061191487489
1226202242333671424
1226190684555751429
1226191514088484867
1226191582849880065
1226192500496445440
1226192926356598784
1226194982840737794
1226195653870673920
1226197692566646784
1226199529743056896
1226202103946805249
1226203441753677826
1226190785579757568
1226191664156422146
1226194312758747136
1226195475893751809
1226197034815905794
1226197487062528021
1226202266807545856
1226202449721032704
1226203765319110657
1226194153731694593
1226194438193586177
1226196806054424579
1226197529743720450
1226197967767506944
1226198449709867011
1226199388348993537
1226203384748920832
1226190543824326656
1226192714099806209
1226193233635692544
1226195450732195840
1226197513935388674
1226200993764970501
1226203935184162819
1226192287211905025
1226193028035076096
1226194652237377536
1226194964763336705
1226195002205917186
1226197137035231232
1226197281642369024
1226197429852286977
1226197800284819457
1226199057288355840
1226199083796189185
1226199384829964288
1226199576304062464
1226201296509833220
1226198473143390211
1226202560601694209
1226191827159654401
1226196293242048515
1226196898920509446
1226197449028620290
1226198555632766977
1226199698123448320
1226200283694424064
1226200537915363328
1226200620887138304
1226201080381550593
1226201370958745601
1226202932464562177
1226203864996700161
1226203996752351232
1226189511295750145
1226190212990029824
1226193337922838530
1226196547395837952
1226084081492004864
1226084104086663168
1226085248192143362
1226086705758900224
1226086907093880832
1226087080926773248
1226087305192132608
1226089529280430080
1226091544249274368
1226091828778237952
1226094230914945025
1226094851684478976
1226096664148094976
1226096722427994112
1226096949746638849
1226097176746614786
1226097228898619392
1226098237112770560
1226085184170266625
1226083447988375558
1226083883202023426
1226085045263314945
1226085236938870785
1226085652716032000
1226086731507798017
1226087284774260736
1226087289958301698
1226087560943935488
1226088192224440320
1226088279092682752
1226088456301969408
1226088981714153474
1226089085531545600
1226089206142902272
1226089438704525312
1226090427599683584
1226091241785393152
1226091553220956160
1226092112267108356
1226093070518669312
1226093198973399040
1226094720604164097
1226094873964666882
1226095249153458177
1226095654004547584
1226096274153332736
1226097851886899200
1226092134333325312
1226084020116709377
1226084310375157760
1226084490788982786
1226085229753925633
1226085309991063553
1226085864901693440
1226085961391628289
1226086261779320832
1226087382266646529
1226090405747462144
1226092205674311681
1226093413323485185
1226093656739852288
1226093821366349824
1226094340600102912
1226094758411558912
1226085227585572864
1226086668597415936
1226089512150982657
1226084980964675586
1226087133435310086
1226088867977187328
1226089167760822272
1226095784946552832
1226095844216262657
1226083438916198401
1226085181951528960
1226086896918581249
1226087624605126658
1226088153389420546
1226088464510324742
1226089846000750593
1226091003733516288
1226093081361092609
1226095338378977280
1226096040933285889
1226097145662640128
1226083291050266624
1226084614801952772
1226085623964061696
1226088925103632384
1226088943243997185
1226091136265211904
1226091759270277120
1226091870058635264
1226092412273033221
1226092886359453696
1226093037572513792
1226093365684559872
1226093523612708864
1226094086890778624
1226095352241147905
1226096391723847681
1226096728027336705
1226097533077815296
1226097548676534272
1226098166820413440
1226091494320361473
1226084506353983489
1226085439926362112
1226086114466856966
1226087288863461376
1226087584746606601
1226087864678670336
1226090031179280385
1226090122485149696
1226092142155661312
1226092349014659072
1226092795791843330
1226094190909632512
1226095097630150663
1226095194581368834
1226096760726196226
1226096903814893568
1226097557169999872
1226098036797005824
1226084249717149696
1226087295159238660
1226087404311924736
1226087537527205888
1226090293923061761
1226091075770572800
1226093170745892870
1226084354620821504
1226085505013616642
1226085757791719424
1226085844169187328
1226085927359074307
1226086183169601536
1226086830879182848
1226088843134296066
1226089428319379457
1226090335522238464
1226091537123205121
1226091585437302784
1226092777148231680
1226092915182702592
1226093139427024896
1226094409877467136
1226094700093988866
1226096467099705345
1226096815143084032
1226096903105994752
1226097197030215684
1226097606859902976
1226084105940545537
1226093347099619328
1226093685252771840
1226088640272576512
1226083350500270080
1226083851556048896
1226084719546290176
1226085559480832001
1226090291301699585
1226093231206612994
1226094543541547009
1226094619424952320
1226094642762076161
1226094658947817473
1226094753596481536
1226097825496403968
1226084486749839365
1226085037927550976
1226086456621502464
1226087636223352834
1226090562094346241
1226091033462792192
1226092223952977921
1226092659665702912
1226092936917635072
1226093117146828801
1226093365843894272
1226094482288005120
1226096329576865792
1226096881421504513
1226159649931644928
1226159833990279169
1226160498015555584
1226161272930160641
1226161566825009153
1226165930100756484
1226166006273499136
1226167046469292032
1226167114840625153
1226169907345330176
1226170921322459136
1226171321354276864
1226171859462447104
1226159213942099968
1226160835137081344
1226162164949491712
1226163159322570752
1226163471341047808
1226164166546735104
1226167727057985537
1226167817428324353
1226169112684089346
1226169320402608129
1226169339071672320
1226169731146829825
1226170274468548609
1226170982752247808
1226171499977027584
1226171697058938882
1226171712053678085
1226171793372852225
1226171888025640961
1226172198974562304
1226172347163516929
1226173106772992001
1226173132345675776
1226173387367755776
1226173412629983232
1226173592439750660
1226173593643601920
1226173733154455552
1226160506123280385
1226162821530050561
1226163055215730689
1226163637343203328
1226166186011963394
1226166327653675009
1226166556935237634
1226166911106457605
1226167411885453312
1226167490646093824
1226167712449286144
1226168055463632901
1226168110320889856
1226169438837366786
1226171914760138752
1226172203076587520
1226164043032952835
1226159622404354049
1226169696518647809
1226158968243924992
1226161065937031169
1226163195443806208
1226163263811063809
1226164483242037251
1226165005860691969
1226165190229708803
1226165292180680711
1226166255931052032
1226166717593899011
1226167855751802880
1226168310582194176
1226169337649729540
1226171814122008578
1226171917826215941
1226172021970698242
1226172151805464579
1226172661409206272
1226173087755964416
1226159012728786944
1226159087404142593
1226159288927891457
1226160260727156736
1226160718388617216
1226161629403975687
1226162685039063042
1226166304131944448
1226166391914586112
1226167591787466753
1226169213854851073
1226169330741784576
1226171720702332934
1226173139157180416
1226173660001718274
1226158922685386752
1226162829608222725
1226163135524020224
1226166420909764609
1226167454273097731
1226167466654654464
1226168958576816128
1226169416573845505
1226173708307456001
1226167313214459907
1226167743096946689
1226169452334501888
1226171325976367104
1226171724439457792
1226165821887696898
1226166535565324295
1226166978982879233
1226167205060063232
1226169520496267266
1226172117965770752
1226161792990302208
1226161840415096842
1226161394640457730
1226158807669248001
1226160048763789313
1226160711094718469
1226161629336875008
1226168149403406337
1226168570440187904
1226168703735169024
1226169403814895626
1226170987839971330
1226172009299808256
1226219215432101889
1226222066501931011
1226226184972840962
1226226849505841153
1226227517591343106
1226230519823728642
1226231773543194625
1226231983782662145
1226232636072484864
1226232861713412102
1226233342938484736
1226219269370916865
1226219410161127435
1226220093350305792
1226220507781095424
1226221426471890945
1226222111011852288
1226222887507550209
1226225235235680257
1226225422289035264
1226226584048173056
1226227081798967297
1226229538285346822
1226232211172667392
1226232801567047680
1226233590486372352
1226233622333620227
1226220188158308355
1226225268785844224
1226227247599771648
1226231052458496001
1226233241721593856
1226221374739537922
1226222631915065344
1226224565208178689
1226228369848750085
1226233087283093505
1226233115984699393
1226233450006487040
1226222040807596033
1226219263620415488
1226225679408214016
1226225073809448960
1226230070701969408
1226220197490675713
1226220783111938049
1226221606369972227
1226225577696231424
1226225686505041921
1226226106442944512
1226227342676283392
1226227375299596291
1226228515344961536
1226233489600720900
1226233706882502656
1226219772569956353
1226223206014517255
1226225034441699329
1226225535329751040
1226226543409668097
1226227868079984640
1226231164966449153
1226219483787923456
1226221107604344840
1226222483025596417
1226222733408768000
1226222932583645188
1226224679079337985
1226224927805771777
1226226123299868672
1226226347028205568
1226226731784253441
1226230478744588288
1226231052168986624
1226231552390115330
1226232497178058752
1226233068073209856
1226233421984419845
1226220618200150016
1226222277651509249
1226222920671911937
1226227710264999938
1226228261958619137
1226232453205024773
1226232537283993603
1226219572421890050
1226220925223362561
1226224251696566275
1226224547524993024
1226225118894051336
1226226500124450817
1226230240017600513
1226232563678748672
1226226261128863744
1226226523591630848
1226226936822759424
1226229373763756035
1226229593083908097
1226230242563493888
1226232181028278273
1226221124591157253
1226221570751897600
1226222256583565314
1226225754213683200
1226230219620659200
1226230781699330050
1226231477928701957
1226232159985438721
1225971885244141569
1225962903020462081
1225968503758479361
1225969631401136129
1225965051074564101
1225963798202327041
1225964994807730176
1225977149217288195
1225967220171259904
1225971940076261377
1225962510622187520
1225967321191051269
1225971862263472128
1226278625391108097
1226279218746707968
1226265792242749441
1226266087785816064
1226270716867305477
1226270721824960514
1226271205457637377
1226271842815684608
1226272492836311040
1226272497437417473
1226274260429266945
1226274353240838144
1226275919125524481
1226276069315153920
1226278546064232450
1226279276930097153
1226265725486149633
1226274327340953601
1226275136019587072
1226265094394392578
1226267472380252160
1226268510499852294
1226272734444998656
1226268563964661771
1226271603086024712
1226272788027265026
1226274703649771521
1226278204924669952
1226265837226676224
1226266036338597893
1226266222414704641
1226266413930876928
1226266650346999808
1226267710205648896
1226270353468555265
1226270394233032704
1226272303098597381
1226275921021329409
1226276308570820609
1226276805654597632
1226264975821414400
1226267379807772675
1226270160329355265
1226273919482638336
1226276632840802309
1226265072525287424
1226265614412582912
1226269347322060801
1226270144948817921
1226273813236764672
1226274726861066241
1226275836308926467
1226277082822578178
1226278294862974978
1226278494264492032
1226264711005642752
1226270622663225349
1226273013311660032
1226274560707833858
1226275070022164485
1226265314532478981
1226266412186062849
1226266979713069056
1226268264004759553
1226268886762389504
1226269367614279685
1226269585923624961
1226270435802787841
1226270951534465025
1226271080043687936
1226271837543452672
1226271905310822400
1226272315647893504
1226272834084917248
1226275086203785217
1226276139062190085
1226276518298443776
1226277311630188545
1226267264917352448
1226275290063654913
1226278983345397760
1226265203001655297
1226266371123765281
1226266845524742146
1226271225418330113
1226273388773224453
1226275166465949697
1226276860306378753
1226250520731496448
1226253923268382720
1226262455279595520
1226250086549725184
1226250355098497024
1226251252411043840
1226251994719031297
1226252662326398978
1226252788201594880
1226254212817915907
1226256340563222528
1226257550720585728
1226258185264209920
1226258306144067585
1226259338068742144
1226260942977224705
1226261930945531906
1226262475248734209
1226263065064177664
1226263065043189760
1226263065127051264
1226263951157157889
1226255269971341313
1226260735002660866
1226249624865910784
1226250712822288386
1226251116477849600
1226254546130948099
1226255369665761282
1226255923963944966
1226256335035097090
1226256431076257793
1226256947344744448
1226257897203621889
1226258966172311557
1226259675936677888
1226259804852834306
1226260544283455491
1226263764552556546
1226264438099017736
1226259519635951618
1226263245377458178
1226260156683603969
1226260674860535808
1226263584893743106
1226249388550492160
1226250830455746561
1226251060005740544
1226251374867943436
1226251794185179139
1226254613969620993
1226256532616118272
1226260451216052224
1226262678454308872
1226262785438486528
1226263057812393987
1226263476626165760
1226263681673179136
1226250618471403522
1226251912279941125
1226253102715691009
1226255511181459456
1226258000597454850
1226258283209596929
1226260913117966339
1226261934166679557
1226262091067273216
1226262801053896704
1226250397637107712
1226251149017329664
1226251722986790914
1226252433413857281
1226252495313362944
1226255851754749952
1226256317523865602
1226256917766590466
1226258188229627904
1226260398556446721
1226252923748962306
1226253613615460354
1226255146973302785
1226260855542689792
1226250693281034242
1226251000056602624
1226251750891454464
1226251845787582468
1226252606835765248
1226253440600461316
1226254998381744134
1226256727739379717
1226257080916627456
1226257892510240769
1226259489843765248
1226261370271936512
1226261549603532802
1226261633749614593
1226256485405032448
1226262659881934848
1226250154971402246
1226255918800809990
1226257271933587458
1226261362256621568
1226263295025389568
1226263750682054661
1226252478917881858
1226253809128820737
1226255438125129730
1226257219232116737
1226259196787777538
1226260581893754881
1226261559120408576
1226263191124135936
1226263932597395456
1226206911005167616
1226210431838150661
1226212110750961664
1226212505963376640
1226215540982788096
1226219057604702208
1226205088429101057
1226208174178471937
1226210353270394880
1226211906442186755
1226212698008039426
1226213272166322179
1226215378684084226
1226218044948652038
1226218938754912258
1226204757070696451
1226214097454321669
1226216584596934657
1226216688523337729
1226204570742906883
1226208076195344384
1226209683381346305
1226209869956571136
1226212361800966145
1226214288106434562
1226208905354776576
1226210002098163713
1226210598071029760
1226215393393618944
1226217933690593280
1226204077824073732
1226204282686451714
1226204730973736962
1226205599970594817
1226205908897804289
1226206318157017089
1226206460088143873
1226206683434803200
1226207914404216834
1226208075054559232
1226211669753450503
1226211801769095171
1226212841172217858
1226214339859714049
1226214573591666691
1226216702859501569
1226217896843653125
1226206158916112389
1226207145680670722
1226207568604860423
1226208228322762752
1226208537656938496
1226208577410535425
1226209498924273664
1226209716340215808
1226209733025128449
1226210024747343872
1226213700589232129
1226215077558222849
1226216709633331200
1226216883189403648
1226216886163120130
1226217381791444994
1226210983653277696
1226204903514738689
1226207044660867072
1226207692940873728
1226211370061959174
1226213546826117120
1226213560214343682
1226213576450375682
1226215157346525185
1226217382873640960
1226218079442604033
1226218338977755139
1226218404446720001
1226218927476346881
1226204564640145409
1226216928731160577
1226217056552603648
1226204342560133122
1226208769849335809
1226211843464683520
1226212273947062273
1226213148211994624
1226214142329184256
1226215352343973888
1226215798919876608
1226216940873682945
1226218476303527936
1226215486385524738
1226217753054453760
1226212658753548288
1226207655439589378
1226209655497658372
1226209840525193219
1226211156362006528
1226211211378864129
1226213979514687488
1226214420893913088
1226216050053742592
1226217999302045696
1226218084408623105
1226204822040391680
1226211686333534208
1226213664593784832
1226217266699755526
1226217979634946048
1226218609678209024
1226150615161745408
1226152665161310209
1226153126102618113
1226157318783500290
1226144440961687552
1226145382788476928
1226146369754279936
1226146876875067392
1226147089010352129
1226147388794036224
1226148282583437313
1226148328813015040
1226148822402859013
1226149426214907904
1226149753588736001
1226150377977978883
1226150457099407360
1226150580218945541
1226150782636118016
1226153469398016002
1226153590202519554
1226154058765000706
1226154066960617472
1226154255721078784
1226154610253017100
1226156045417971712
1226158236266565632
1226146945254805504
1226149147281154048
1226153938245881857
1226143859341746176
1226144192537206786
1226146321414926339
1226149173210353664
1226149466585128963
1226149830977892352
1226152076847304705
1226153668946333697
1226154225639530496
1226154506670542850
1226157119122092038
1226144591792963584
1226158619047211008
1226156529910415361
1226145184766996480
1226146529351753733
1226149781736742913
1226155941105750016
1226143764575588362
1226143908448677888
1226144031471742976
1226144859150540800
1226147206744465413
1226147851606122506
1226148742111297538
1226148759144402944
1226150328212561920
1226151080129712130
1226151972757266437
1226152638682730496
1226153489270788096
1226154050858692608
1226154883549736960
1226155372068691968
1226155937356009474
1226155954833588226
1226156127966171136
1226156273768521729
1226157884637171714
1226158249738633216
1226158335260536833
1226158604887232512
1226146044968390656
1226146326389362688
1226147338038714369
1226148972500258819
1226149550399905792
1226149677839589376
1226150438338166785
1226151611568926720
1226152004789161985
1226152975757926401
1226153223263789061
1226153872802095104
1226154303867564038
1226155446752436225
1226156544372420610
1226158083430330375
1226158121653080064
1226143929550155776
1226143935929692162
1226144336817029122
1226144696361275394
1226145175187140609
1226146899939299328
1226147806882254854
1226148233757569024
1226148629783699456
1226149071582322688
1226149120420786177
1226151519839563779
1226151769161502720
1226152443832041475
1226154772257964032
1226155298521481216
1226156258341871616
1226156878205521920
1226157441836081152
1226158712471113728
1226144883125211137
1226150061865885697
1226150449088286721
1226154259441426437
1226146884370214912
1226148954292858880
1226148985691398144
1226148992976932864
1226149183029116928
1226150592898387969
1226152486718910465
1226153138039742465
1226154306350567425
1226154532511637504
1226154980182241280
1226155192615362561
1226155238492721152
1226155920264220674
1226156528425750529
1226156714715729921
1226145052755398657
1226151279904378880
1226152424878100484
1226157154228490240
1226144253899943938
1226149199420559363
1226150084754190338
1226152905142669319
1226154800661876743
1226155875628462080
1226157560480325632
1226146673338068992
1226147287954579456
1226151501699174400
1226152481656365056
1226152734140850176
1226153246210822144
1226153695160737793
1226154498059579397
1226155621684252681
1226155986764926981
1226158712156512257
