1225086721261555716
1225087196908212226
1225092043493576705
1225095101522771968
1225098398761738242
1225100315562840064
1225087189970833408
1225088457225228296
1225090665668841472
1225092192617758726
1225093990468542465
1225095027694751746
1225097278760931330
1225097898221875200
1225098654622593025
1225099398050279424
1225100895685357570
1225101051013029894
1225101669068787713
1225098014303322114
1225098031420313600
1225099933084196866
1225087850359742470
1225087871838826497
1225088328581644288
1225090548412960768
1225091531754721285
1225092322934906880
1225096890305433601
1225097117238284288
1225087742490632192
1225087892554440704
1225089471483457537
1225087172220465153
1225089029072478213
1225091811317886976
1225092805065834497
1225095748477304832
1225095866836574208
1225097181809516545
1225097501453307904
1225097645909315584
1225098027716743168
1225098091549937664
1225099181787963392
1225099265049079809
1225099384234369024
1225100049371271170
1225100068396531712
1225100271409410048
1225100722540359680
1225100763287953408
1225087071045459968
1225087745007280129
1225089710273359872
1225089918147448833
1225090083868553223
1225090375003639818
1225090868320907264
1225094609870651394
1225096673929650188
1225096921909485568
1225097495186935813
1225100288698257409
1225087080394645504
1225087427175428097
1225088384986763271
1225088710737309702
1225089475946188801
1225091983607324672
1225093474959024128
1225094034991013889
1225095740361453568
1225096036416466948
1225096752929427457
1225096998354923521
1225098158004416517
1225098587618578432
1225098926992318466
1225099592431173633
1225100474766036994
1225100781218451457
1225101715944296454
1225101754922086409
1225087115148582912
1225094998279979010
1225096685870821376
1225099295537467395
1225087774388375553
1225088611315523587
1225090276605251591
1225093536418234368
1225095062650003456
1225096068901281793
1225099205494046720
1225101436029145088
1225088787832766466
1225095094514089990
1225101405792428033
1225096021589528578
1225090946003501058
1225100180825001988
1225086683521146881
1225086691301642242
1225087963694092289
1225089913978265601
1225090725878079489
1225091468198469632
1225091815939940353
1225095688670863361
1225096848421150721
1225099680184442881
1225087512235905031
1225090017367711744
1225092036128399362
1225093178241560576
1225093516465971202
1225093722276343808
1225094259507965952
1225094881783103489
1225095829645615104
1225095869747339266
1225097351444025344
1225097477562474500
1225097574304096256
1225098251667476481
1225098712369811457
1225098951097044993
1225099513586769921
1225099664405516288
1225013706368700417
1225014141154418688
1225014663211036673
1225016673201262593
1225018748278427648
1225019641602412544
1225020564982697984
1225021606860394498
1225024286756409344
1225013901764579329
1225017394147610624
1225012684552310784
1225012808422690816
1225012893663551488
1225012924206460931
1225012938261585927
1225012979248312327
1225013039688310784
1225013132822810624
1225013141131710464
1225013270341472256
1225013431050428418
1225013475484872705
1225013540441993216
1225013564898971648
1225013671094620162
1225013709375987712
1225013723162718208
1225013731404472321
1225014088767606784
1225014767687020545
1225014769754742786
1225015061674065920
1225015463593349121
1225015464524423169
1225015481008115713
1225016247080947712
1225016491038261248
1225016666372870144
1225017130967535618
1225017229629984768
1225017949817171969
1225018036396183553
1225018113973870597
1225019001383706624
1225019044614504448
1225019437717303296
1225020164304973824
1225020249466134529
1225021107956260864
1225021559116566528
1225023018214100994
1225024959979847686
1225025930185334785
1225022530085380097
1225011560264892416
1225019329122578432
1225019501424599040
1225022232113618944
1225022339475222529
1225022819504881664
1225014928744026112
1225020644158472193
1225020297004404742
1225014648874905603
1225018343071141888
1225020555356667905
1225021359052541952
1225013503926439937
1225014953972785153
1225014969722458112
1225015733467385856
1225016845620645891
1225016946523025412
1225016982191398915
1225017051430948865
1225017480290226176
1225018539960160256
1225018555969744897
1225019364165984258
1225019569745645568
1225019609964785664
1225020186710900736
1225020407511691264
1225021072262795266
1225021708400242688
1225022510086922246
1225022938723778561
1225023053534584833
1225023316664209409
1225023751156314112
1225024705788203009
1225025154549456902
1225025536965185536
1225011636026728449
1225012023987245056
1225012289071390720
1225013684344369153
1225014562275123200
1225014957739315200
1225015265311830018
1225015955123773441
1225016115966947329
1225016300679901189
1225016834308689920
1225018032310886401
1225020174404849664
1225020593319358466
1225020881438740480
1225021901740879873
1225022069294977024
1225023222455963648
1225025257339224064
1225025721652908032
1225011186996928512
1225011696445448192
1225011938070941697
1225012403102011393
1225012724939268096
1225013001893355521
1225013065986596864
1225014372373794816
1225014788469731329
1225015501702737920
1225016725323898880
1225017232066924545
1225017537567559681
1225018238100217856
1225019623403188224
1225020258915901440
1225021096346386432
1225021947274256385
1225022009853255681
1225022801091989506
1225024254695165954
1225025361840431107
1225025482908950529
1225014559154503681
1225018466861768704
1225021444603678721
1225022294004838400
1225023508197052417
1225024131088953344
1225024477815361536
1225024720996851716
1225012071265439745
1225013254671552512
1225013491049721856
1225013755517468673
1225016246111997953
1225016974872281088
1225018515117236224
1225018562315722753
1225018716242530305
1225020062622502918
1225021477281521665
1225023841426079744
1225024243995496448
1225024805398810624
1225025791622361088
1225011941833420800
1225012109379014663
1225024623982665728
1225021136842502145
1225011191623438336
1225011345743056900
1225012491371057152
1225013001268408320
1225014047361445895
1225014411955404801
1225016525536579585
1225019054538264578
1225019638406438912
1225020058105192448
1225020574352711682
1225020679814336512
1225021528254951424
1225022418265288705
1225023684148105217
1225023818810437632
1225024112705384448
1225024965327622144
1225025240499015681
1225025383092932608
1225025580254535680
1225011361958309888
1225013519176863746
1225016469165133824
1225016557073506306
1225017139091910659
1225018095628144640
1225019916715286533
1225020024617947136
1225020191911960577
1225020573220319232
1225020596469280768
1225023618083586048
1225024614411227137
1225024719960903680
1225026096158117889
1225026123685400576
1225026256128876544
1224860831663390720
1224865236957659136
1224874083894136833
1224869272750567426
1224860748825989120
1224860956456603649
1224861423416872966
1224862582437294080
1224866171050188800
1224866598344851456
1224867385800261643
1224868160123363329
1224868474436145154
1224870293610663936
1224870643998609408
1224871392920899584
1224871983646740481
1224872279613505536
1224872859266420742
1224874668785635328
1224865853642084352
1224860516243443712
1224861888523182080
1224868032813715456
1224870950794981376
1224871084090064897
1224860519091273734
1224860646858207233
1224861140192235520
1224861252876427266
1224861841861566466
1224862852026175488
1224865483033317376
1224860894724796416
1224861059888099328
1224861061473538049
1224861587363835904
1224862205549654017
1224867777523130370
1224870846600220672
1224860275301437441
1224870183019302912
1224871493835689984
1224873432933777408
1225041450238382080
1225045815137312769
1225046196688830464
1225046431700062209
1225046765583421441
1225047933579603970
1225048683814825984
1225048817256538112
1225049668536688640
1225051856105345024
1225056001692504075
1225041920122064898
1225042616779182087
1225042819376713734
1225044033912954885
1225044856445308930
1225045031330951168
1225045079129239553
1225045701597507585
1225045714805448704
1225046271154671616
1225047033947529217
1225047132052299779
1225047306803613697
1225048399608795136
1225048788781477888
1225048801641103361
1225049639889620992
1225050591652610050
1225050978434588674
1225051184983089152
1225051827067994113
1225052466980380672
1225052969407639552
1225053394206896128
1225053457901588486
1225053976363765761
1225055861082451970
1225055879743131648
1225054770576134145
1225042711847276544
1225043499642499072
1225044379531956225
1225044381360689152
1225044620037500928
1225044767697965057
1225045754068242434
1225046291618713600
1225049497727852550
1225052109286100993
1225053428243750912
1225042426445824001
1225044996799303681
1225048912186281985
1225053685606207488
1225043071911497728
1225043349918437376
1225052951703687171
1225041739863425024
1225042075634126848
1225042402592817152
1225043083252899841
1225043814085287936
1225044920727146496
1225046070398504960
1225046126480576512
1225049270908280832
1225049516165955584
1225051233322438663
1225051333654433792
1225051650072686592
1225052056119128066
1225052224650346496
1225052943772241920
1225053999134584837
1225055553593970688
1225042978294697989
1225043702005059584
1225045057859936257
1225045699181584385
1225052243868692480
1225054325006905345
1225041537945436162
1225046653465452547
1225042022240849921
1225042745267572737
1225042872921219072
1225043361570217985
1225043688491028480
1225045220905168898
1225047393730748416
1225047968845307904
1225048277038587904
1225049433953521664
1225049661146324993
1225049771582164997
1225049984564965382
1225050078580076545
1225050993303465985
1225051024261615616
1225051269057916929
1225051271079571462
1225051658033553408
1225056003378552833
1225041838362546177
1225043726495571968
1225044843090599941
1225050303927549953
1225051905606529024
1225041415404769280
1225041901226725376
1225044599812521984
1225045560811573249
1225050287477592064
1225051845187526656
1225052468536414210
1225055539727605763
1225055926136246272
1225043911271493632
1225052866370527232
1225043233727819776
1225052194333958147
1225041386623234049
1225044200384798721
1225044733380169728
1225047137307824128
1225047556373135360
1225048230548975623
1225052322130206720
1225053875943755776
1225042916252569601
1225044184551370755
1225046101071450112
1225048261599408129
1225049404165455872
1225049644369096704
1225051157481082881
1225052853250621440
1224999380811440128
1224999609363324929
1225001839789322245
1225004432456343552
1225005465827975168
1225006026711236610
1225008181224656897
1225008679155650560
1225010881802768384
1225010999280963584
1224996410371846144
1224997026129235968
1224997390341505024
1224997727139848192
1224998924794114048
1224999196622774273
1224999666258980864
1225000349175402497
1225000470248349696
1225001446673874945
1225002063228174338
1225002638518956033
1225002648438497281
1225002696194715648
1225002730110046209
1225003919555923968
1225004080143196162
1225004226520240133
1225004921289879557
1225006791580192768
1225008180192841729
1225009715400396801
1225009737609203712
1225009839019057153
1225010442512359424
1225007377361047553
1225003032833855488
1225004596801757186
1225009049793650688
1224999223256592384
1224999962582421506
1225001148240793606
1225001337710161920
1225007753942401025
1225008024202379264
1225010167198179328
1224996443611635712
1224996895208198144
1224998225658228736
1224998472828493829
1224998989902123008
1224999667806744576
1225000161610518529
1225000680492019712
1225002033587130368
1225002935639269376
1225003511156477952
1225003853076144128
1225004085276966912
1225004817241821184
1225005331744542721
1225007194950774785
1225007362014052352
1225007421330010113
1225008143710683136
1225008446766047233
1225008668447531008
1225008923578552320
1225008926015418368
1225009500337385472
1225009961056591872
1225010401361920000
1225010773564575745
1225010823053107201
1224996810881675265
1224999866000183297
1225000220427276288
1225000715329908736
1225002343315492865
1225002387406041089
1225002559951310848
1225003849708163073
1225004251006537728
1225005850944778240
1225006021955006464
1225008801943822337
1225009451503058944
1225010225557790720
1225010524712325122
1224996652307697664
1224996662730534912
1224997479957045248
1224997617446289409
1224997674065321984
1224998996764065792
1224999618296995841
1224999908811444231
1224999991149826053
1225000770359132161
1225003417342316544
1225003670300975104
1225004414634807297
1225005525638750209
1225005626130079745
1225005717985415169
1225005746078855169
1225006100854034432
1225007462320951296
1225008438482284545
1225008669810741248
1225009077853597697
1225009588535275525
1225009712862842880
1225009797348634627
1225009804478828544
1225010373755113472
1225010934495707136
1224998092287758336
1225001921980903425
1225003892741722114
1225006113613058049
1225007805561819136
1225008167601541123
1224997065261973505
1224998070561185792
1224998573449846784
1224998940728352768
1224999143455760384
1224999239501197312
1224999821725118465
1224999908446494726
1225000679741251586
1225003990493982725
1225004885927780353
1225005373091995651
1225006300712636416
1225006840431464448
1225009768198279168
1225010533042180096
1225010535432966144
1225011048782188545
1224996201969393664
1224996355325800448
1224996544698556416
1224997545740591105
1224998507054010374
1224999905736953856
1225000975372636161
1225003885900828672
1225003998580748288
1225004327275835392
1225004457953546241
1225005192963379201
1225008224069439488
1225008593029734402
1225009504313659392
1225010056241930241
1225010540352876544
1225010798000558080
1224997939636047873
1224998109878587393
1224998144074797058
1224998497692286976
1224999905720258561
1225000260285714433
1225000267206230022
1225002139640107009
1225003365794484225
1225003444081217538
1225005356641914880
1225005705163419652
1225006052988592128
1225006065563074562
1225006240180383746
1225006245293236225
1225006294412812288
1225010598674599938
1225010686113337345
1224967148868710401
1224967630488002562
1224967680563851264
1224968036823846912
1224970678404898817
1224971631015223298
1224974274533974017
1224975934069133313
1224975964142215170
1224977142469087232
1224977682791915520
1224978389175500800
1224978467051245568
1224978467139268609
1224978467227234306
1224978467072008198
1224978467378401283
1224978475825729536
1224979663627456513
1224965918280835074
1224967573785251841
1224968033703038977
1224969160557502465
1224969448433602560
1224969451981938688
1224969453441626112
1224969947148771328
1224970194700861440
1224970835267674113
1224970928104312832
1224971055762001920
1224972265718272000
1224974216874864642
1224975244055674880
1224976326530084865
1224976715522478083
1224978602808217605
1224979028383272960
1224979107303157760
1224979155680399360
1224980256114823168
1224980931611676672
1224978484432457728
1224980348360110080
1224975999487696897
1224966523317604352
1224969725047738368
1224970066258792454
1224970728954638336
1224971908791316481
1224972129424347143
1224973059087589377
1224974645478207490
1224976087383527424
1224976742483402752
1224976769306021890
1224977082553458688
1224980442681659392
1224980708256571393
1224965886685007872
1224965931413245953
1224966089156640768
1224968531814559744
1224969495430795264
1224969961812254720
1224970361793478656
1224970881639895040
1224970937981972480
1224971868811210753
1224972508404834306
1224972956939563008
1224973036396404738
1224974018115186688
1224975904352481283
1224977485626060800
1224977544224673792
1224978461204328449
1224980781954674688
1224967235384594434
1224969595959857153
1224974103855214592
1224965933531377668
1224966523996868608
1224966901970935809
1224967984764145666
1224968050392338432
1224968213462732800
1224968530640166912
1224969455911960576
1224970691570737152
1224971408100548609
1224973053483941888
1224973491486838784
1224975136744529920
1224975366122614784
1224975700693782529
1224975714312753153
1224977524234518534
1224979314883670016
1224979736553639936
1224970942822191104
1224971828432637953
1224973728020418560
1224974455237152768
1224975550835576832
1224979483419127808
1224980554329837569
1224968295310397440
1224968600458493953
1224968718368870401
1224968973709729792
1224969474492772352
1224969954065338368
1224973183985635328
1224975084386996224
1224975856294092801
1224978046949699585
1224980307385995265
1224980833506930693
1224980062052724736
1224968409487593474
1224968497882632194
1224969842714972160
1224969995089842176
1224970626248663041
1224971009486413824
1224978608977895425
1224979957513932802
1224980591449387008
1224965926904385536
1224968621992173568
1224968982429601792
1224969518776246273
1224970376196894720
1224971446679674880
1224971621036937216
1224971996192215040
1224973569928679427
1224974035831967744
1224976413742260224
1224978461749465088
1224979796901257216
1224980397479682048
1224980772077162496
