1224319136009990145
1224319957867036673
1224324052287938561
1224327230748274689
1224327343507955712
1224330004961681408
1224330660887846912
1224323458944978944
1224316651459567616
1224317044344135682
1224317539834060801
1224318440955170816
1224320734023114753
1224320954148499456
1224321153780473856
1224321524020080640
1224323183010029573
1224323519825182720
1224323957073088512
1224324476999020545
1224325487943725056
1224325493731753984
1224326143693742080
1224326357221609472
1224326419414749184
1224326808914448385
1224327007733002240
1224327620197801984
1224327937358553090
1224328247351160832
1224328251105054721
1224328268347846657
1224328477630980096
1224328754589245441
1224328826001526784
1224329033967640577
1224329222761721856
1224329996887646209
1224330025140412417
1224330052726394881
1224330285627645952
1224323104744394752
1224327048673492992
1224322224095727617
1224322873139126275
1224323169722544128
1224323843633963008
1224325483174735872
1224327633627942912
1224328179516690433
1224330963594797059
1224317051944173569
1224318298407473160
1224320049927872512
1224322938381504512
1224326706732859393
1224326873460682753
1224331389174239233
1224318992849879040
1224321076546674689
1224322808647495685
1224322909554069505
1224324257477427200
1224324775226630150
1224326309620391936
1224326721958182912
1224327180852846592
1224327941678608387
1224319205006364682
1224325443307954176
1224317573380083714
1224317945352007680
1224318770291912706
1224319180679319554
1224319528655417346
1224322445571690501
1224322784576331776
1224322879980015617
1224323526980775936
1224324409709748224
1224325029128802304
1224325471757795333
1224328927444905984
1224329276306141185
1224330977767497732
1224331035812474880
1224331057505406976
1224331389094518784
1224322249198645249
1224324719840780295
1224325130538704897
1224327191636381696
1224327390542946306
1224329428894932994
1224329795212926977
1224320209135292418
1224322038799663105
1224323501567496197
1224325732538683392
1224328357879406592
1224329305196580864
1224321047941480449
1224327521451286528
1224325922876264449
1224318478473224193
1224320624782467072
1224321596728446976
1224324899751301120
1224325779393339392
1224326506375254019
1224327634122878976
1224317333117775873
1224318507514462208
1224322642699747329
1224324453812854784
1224325106714853378
1224327897537818626
1224330162981998592
1224330739434557441
1224331151889879040
1224150728467517445
1224160589494263808
1224161977213366273
1224152524522868736
1224159174122188800
1224162845505572864
1224154136347803649
1224156941049528320
1224159732363034624
1224163858002014208
1224150516663508992
1224152055012642818
1224158784379068416
1224161196200214528
1224165586571350016
1224160842318405632
1224163988788957185
1224202713094713344
1224205876187189248
1224205876195495936
1224205876275249153
1224205876405456896
1224205876447322112
1224208392815828998
1224208392824078336
1224208392912281600
1224208392895586304
1224208392878583808
1224210806281310214
1224196174686670848
1224199439079870466
1224203152498536448
1224206004994367488
1224206170677829632
1224206230350110720
1224207862810935296
1224208418547945474
1224201319457660928
1224203946195066881
1224200255836762112
1224202744204087297
1224199342703239170
1224200097694568449
1224196413967433731
1224196624789970946
1224199412009832448
1224201278441558016
1224204708329422848
1224207509180887041
1224209960420151298
1224197084049526785
1224197798876319745
1224202713874882560
1224206756911493122
1224196466207531008
1224199333173780481
1224200858579030016
1224202611450138624
1224205413484285952
1224205900820504576
1224210128771211265
1224208714862878721
1224200174206996481
1224204102550376450
1224209816656207873
1224204672187142144
1224332996070838273
1224333021584809986
1224333258562985984
1224333632820649984
1224333647341400064
1224336086593347587
1224338233997262848
1224339285257674754
1224341562802548739
1224342390904885249
1224343007211806725
1224344069675134977
1224346044521119745
1224346382670213124
1224346475884355584
1224331708935409664
1224333093399597057
1224334489003929606
1224334759813402631
1224336471496253442
1224337094790864896
1224337992858456064
1224338028426153984
1224339099437408257
1224339201312940033
1224339223152594944
1224339348444848134
1224339432335081472
1224340150219460608
1224340160139202561
1224340593654095872
1224342050092519424
1224343007920631808
1224343801789022209
1224345934579978245
1224346396226150400
1224346726603141121
1224335743402856449
1224338501430317056
1224341376369856512
1224332793745956864
1224333649346289664
1224334725642366976
1224337897647673347
1224338309389914112
1224340515715461121
1224341044537503744
1224345152338173952
1224337191935119360
1224339113568022534
1224342890916274179
1224342990115758081
1224344277238546432
1224331719421108225
1224332286570659840
1224333921694965767
1224334959780990976
1224335601702522880
1224335647898525697
1224337200571199489
1224338126727974913
1224340047765430272
1224340419133222913
1224341071724994560
1224342435272306688
1224343062899503105
1224344183516868608
1224346089559613440
1224332111684997120
1224332235999936513
1224332967146938370
1224333095891034112
1224334537074913283
1224337290325037056
1224341252621193217
1224342185040064512
1224342385695395841
1224345664752103425
1224345869597794304
1224345934236135424
1224332132417441795
1224333546879438848
1224333708762718208
1224333879504404483
1224334273680936961
1224334413481304065
1224336059305250817
1224337455979081730
1224337738318651397
1224338536511524865
1224338621546876929
1224338994118504448
1224339390245195782
1224341007216599041
1224341660127002626
1224342182435401730
1224342810892988416
1224344334218276865
1224346402236588033
1224334727794040832
1224337139019714560
1224338249008787456
1224340279899148288
1224340909061562368
1224342775992217601
1224343330139574273
1224343649082859520
1224344909089574922
1224334612094164992
1224335373419061248
1224337309501460480
1224338861888811009
1224339304425672704
1224340004748644354
1224340566969913345
1224346494335176705
1224336876351389699
1224338751385677826
1224339397023162369
1224335630873890817
1224339268685979649
1224343432958705665
1224345468207091717
1224425319379152898
1224429340366180352
1224429808299446278
1224430320927117312
1224432237820567559
1224433900262285312
1224434578506407943
1224435975771656193
1224436924573634561
1224422324109225986
1224430614620901378
1224424063399014401
1224424076770336768
1224424820902895617
1224425251485908993
1224425369702490113
1224425377206063105
1224425817846972423
1224426089994387459
1224426660352724998
1224427617757159424
1224429462076493825
1224431524558209025
1224432556742828033
1224433265710227467
1224433290918027264
1224434180936753152
1224434659741716484
1224434788993359873
1224435197413715970
1224435333598609409
1224435483800793091
1224435913855356930
1224436802699743239
1224425097160744960
1224428818628333569
1224431417485979648
1224434914331725826
1224428199406374915
1224434659360034817
1224423319237083136
1224422820438069248
1224426220693094400
1224430447184306178
1224430644962451456
1224432494042218499
1224432945043136512
1224437164894613504
1224423329802702848
1224423832968146949
1224423910839595009
1224424807191760896
1224425794736414722
1224426911482503171
1224427831809146886
1224428525463179264
1224429356942069761
1224430787153416192
1224431504098414592
1224436155195650049
1224436444610957312
1224436851022262275
1224422628636663810
1224422920849707014
1224424302201724929
1224424829694160896
1224425354284142600
1224428342511833091
1224428894482288641
1224433749787463680
1224434437116461056
1224434985853054977
1224435788974194688
1224424024962486272
1224424857758322688
1224424967950999554
1224425725182337024
1224428352385118209
1224430679888474112
1224431567012913153
1224431706804875271
1224432083650527238
1224432447665754120
1224433286170103808
1224433908705447937
1224434927791300608
1224435905462583296
1224436236665753601
1224437139938480128
1224425515811004416
1224427285811486726
1224433461424840707
1224433498749988865
1224425255457951744
1224428355140845580
1224431455134277632
1224435216778813442
1224436679139676161
1224430638423531520
1224423146100576258
1224426220424761356
1224429730344120320
1224429637855580167
1224430549521063936
1224432658878320641
1224433901675765761
1224422834673475586
1224423084486275073
1224424292026372099
1224426214179213312
1224426324162420738
1224428128182947846
1224429903728259074
1224432709465853959
1224433305904271362
1224433986392350721
1224165622344560640
1224170652678094850
1224173879674966017
1224174860840198145
1224175690058293248
1224177524701200385
1224166123333021697
1224178815322247169
1224170316576018433
1224179588906930177
1224168990198697984
1224169251235233793
1224173295647502337
1224174182872887296
1224176604152246273
1224179483080626176
1224169201465745408
1224173553005682688
1224180194812092417
1224180597339246593
1224167829643112450
1224179348468568064
1224180084065566722
1224169174752223232
1224170554741137408
1224171816320503809
1224454630484004872
1224458885760765959
1224459865524985856
1224459920327823361
1224464324695142401
1224466483629248513
1224452780162576393
1224453096509566977
1224453693489086464
1224453721007878146
1224455089626083329
1224455110966669315
1224455793359118337
1224456113485074434
1224457209406459905
1224457379015811072
1224461415764971520
1224463115292725248
1224463567270940674
1224464502558789639
1224464982328389632
1224457905224798208
1224465302446055425
1224453082316042240
1224457375379124224
1224458119289458689
1224458322260234246
1224459272404328448
1224461664013053952
1224462213659922432
1224463167784398850
1224464513090629632
1224466632635973633
1224453474831593472
1224460800464707584
1224452508531052545
1224452766443065356
1224453846853812224
1224456248667455488
1224456391059881987
1224456504201236485
1224457059619557376
1224458312395018246
1224459261562015744
1224464220328099840
1224467588643770368
1224452716656676869
1224453392983941123
1224453505965940738
1224454149116289024
1224458532327571456
1224459786957344768
1224460205662130177
1224461827523870720
1224466895660863493
1224467424491319296
1224452610444234757
1224452907015106564
1224458888356847616
1224459440616808449
1224460244455215104
1224463931978199044
1224464577833918471
1224465845272875010
1224455838636507136
1224456368284766208
1224459725175246849
1224464750706352131
1224465194551775234
1224455679726870528
1224454579233771520
1224457032515743748
1224457657400119296
1224458389507510274
1224452901944229892
1224455119514718208
1224457183657648128
1224458447288033281
1224460000975839232
1224460677865185281
1224463819541557255
1224182027483779073
1224182986448539649
1224186985243402240
1224187676062048258
1224194219503312896
1224181618342027264
1224187774703521792
1224190169735143424
1224180777447055365
1224180824465166337
1224185964140093440
1224182628489875456
1224188226081964032
1224189500341071872
1224193324363341824
1224195561806618625
1224183872918781953
1224187751928672257
1224186600231489536
1224184316927803393
1224378078299815936
1224378402263703552
1224379415326547968
1224379425766170629
1224382637013438464
1224382874570371072
1224382876747214849
1224384177618944005
1224384413758300160
1224385369296252929
1224387346948378625
1224391878080192512
1224379562475298816
1224380853435891717
1224381675162886144
1224381675662036998
1224381865181753344
1224382101480493059
1224382140894339072
1224382301196283905
1224382306850394112
1224382392980463616
1224382572161110017
1224382584051916803
1224382586505646080
1224384941334650882
1224388208978464768
1224388720163540994
1224389002935009281
1224389726830055425
1224390990389305345
1224391782768816133
1224388423680692225
1224389602104029185
1224390816778551309
1224391643157143554
1224391655815622663
1224378083949543428
1224378324115513344
1224378577472368640
1224379284581703683
1224385959451680768
1224388010722066435
1224389692050886656
1224377193951789056
1224377989330358272
1224378334114734080
1224379326377988096
1224382719385374720
1224383929513279488
1224384816407334917
1224385535319388161
1224386338801246214
1224386396867133441
1224386583190802432
1224387139632345088
1224388214779039745
1224388257112260610
1224389111353614337
1224390508275027969
1224390732225576960
1224390902694785027
1224377128935927811
1224378363558748167
1224378460073811968
1224378535852347393
1224378926686003202
1224379118403358720
1224379303380627456
1224379488542306304
1224380133752156165
1224380302799384576
1224382441198116865
1224383616941207553
1224384080986492933
1224384127199272960
1224385349352402945
1224385707306815490
1224388156193234945
1224391679148544000
1224378986987511811
1224379258241372161
1224379756625498114
1224379892743188489
1224380105071452160
1224382092936646657
1224382951661674498
1224382996553314304
1224384524668362752
1224384953154244608
1224385132305571841
1224385451768807424
1224385900618100738
1224386701365112832
1224387578264281089
1224388415552204800
1224388693726846981
1224389935827955712
1224391111696764928
1224391185420234757
1224391433936932867
1224391618909876224
1224391946153664513
1224392018367041536
1224384431168937987
1224388073187893248
1224388944642658309
1224382402501410816
1224382988152119297
1224383491086921728
1224384032013680641
1224389221877575681
1224389410185252865
1224390078610530305
1224390926363189249
1224391595899965440
1224382048946786304
1224383565670047744
1224388466785562630
1224389682362044416
1224379221390372866
1224379914050207747
1224386933675175936
1224378483050196992
1224380552578502659
1224381131556106242
1224381312494120960
1224381702409261059
1224381914087395329
1224382021167992832
1224382894170431488
1224385385893113858
1224386292231831555
1224388046927400961
1224143970848182272
1224141692292489216
1224148061133340676
1224135595624226816
1224135712607539206
1224136534653394945
1224141419381776387
1224143546040668160
1224143872709857281
1224144362763956230
1224144933671571457
1224145248139513856
1224145848013115392
1224149783302082561
1224146911025909760
1224143167135588352
1224148999999016962
1224135668462489602
1224136259943063552
1224136985901780992
1224138589623242753
1224140736259592196
1224139207360294919
1224147730135687170
1224362304751525888
1224362565410619395
1224362655424688128
1224362728682409984
1224362994748067844
1224363053124325377
1224363114805841922
1224363326815318016
1224363378443014144
1224363486765101056
1224364133505732610
1224364882612629508
1224366964719726599
1224367830927233024
1224367871536586753
1224374480904114178
1224375826516496387
1224362245917900802
1224362377258393600
1224362639826018308
1224363604264333312
1224365246762180610
1224365258539708416
1224365523754016780
1224366602449227779
1224366752525692930
1224368301054275586
1224369178511134720
1224369309226557440
1224369462675197958
1224370628830035969
1224370772866686978
1224371647341301761
1224372095511076866
1224372375854075905
1224372483282866176
1224373694023327745
1224373908880658434
1224374025553678337
1224376137427701761
1224376372526751749
1224376855953924097
1224368744098672645
1224375187682070534
1224371117156118528
1224361958725562371
1224362992189366273
1224367317196386305
1224371264749547521
1224371336895660032
1224375849224491008
1224376177319694337
1224376722625384448
1224376909766807556
1224363417760342016
1224367944953671681
1224368321237221377
1224373500393033729
1224374122567757824
1224374124916592650
1224374127395426305
1224374628497289216
1224374630376361986
1224374695157534722
1224364185292886017
1224365373123973122
1224367777735237637
1224370540573528065
1224371659903315974
1224373326933581824
1224373755671121920
1224375751220264967
1224375986340364288
1224363162880876547
1224364906071412736
1224365397933162496
1224366806669889540
1224367516325203968
1224367958044086272
1224369669764603905
1224370099114647553
1224370655421964289
1224371750101823496
1224372200066600965
1224372434071179265
1224372847952318464
1224376294097522689
1224362165173309440
1224362583400034306
1224362602282745856
1224362622327410691
1224362698441404417
1224362727243681795
1224365540707307522
1224366335850876928
1224366567951142917
1224368865414696967
1224368970188365824
1224370461213102080
1224371816350781441
1224371930351984641
1224372282275127303
1224372357017620482
1224372384699949056
1224372836820713473
1224374998149799938
1224375239481733121
1224363353629478913
1224373828484321281
1224374110245081088
1224374251249160192
1224366106703515648
1224373083601014784
1224373221530775553
1224367711989329920
1224368574699048960
1224366630593007618
1224363251284238336
1224366678777221121
1224366859681779712
1224368280170848256
1224371317622919168
1224375329558495232
1224375520080670720
1224376218470035456
1224367164192411651
1224371445528219649
1224374780104716288
1224375508470849536
