1224000105109434368
1224000503971008514
1224001941249937409
1224002076377780227
1224005056531443720
1224005825590513664
1224005972265525248
1224008229241475072
1224008539804512259
1224011128142991366
1224012408328458241
1224014513483239424
1224001014958907393
1224001799939657728
1224002857835409408
1224002977867890690
1224003254461304833
1224009798770929664
1224010295082995719
1224010604349804547
1224012560510398464
1224012917277908998
1224000334860890113
1224006422754664452
1224013216679890944
1224009047239733248
1224009603731640327
1224012170599587840
1223999743396917256
1224008713343766530
1224000104409042945
1224000738545848321
1224001598583705601
1224001767681249283
1224002347732480003
1224004529206767618
1224004631363309575
1224005260756377601
1224006839894978568
1224007258616606721
1224007959681716224
1224008002149277696
1224008667768467459
1224009341709144064
1224009342287929345
1224009472475004928
1224009675546537987
1224009826877018124
1224009905780060161
1224010331581767681
1224010398443167745
1224011694957060096
1224012191650717698
1224012380402745345
1224012641707995144
1224012676231241736
1224013206982664194
1224013559283232768
1224013634457800705
1224001631555072002
1224002182225321985
1224003273679568896
1224003801528619011
1224004044915728384
1224004251401236481
1224004700816773120
1224005236400041986
1224005496161611778
1224006631215767553
1224006637599498241
1224007066827862016
1224007327235309572
1224007648124817409
1224007981165109249
1224009213334183938
1224010494203383817
1224011434260082688
1224011547120414721
1224012633533231106
1224013482527547392
1224013537342783489
1224001160773873665
1224002059776745474
1224002788004253696
1224004350424633346
1224004362042777602
1224004576946413570
1224004691639652352
1224005607864373249
1224006389422530562
1224006750103330817
1224007782304768001
1224008275236212737
1224008926280278016
1224009020631109632
1224009132900081664
1224009312483205122
1224010221174968320
1224011580540620800
1224012702064005124
1224000223229489152
1224004533426233345
1224007614117400581
1224008336674316288
1224008736970362887
1224010798411997184
1224011274570412032
1224013730419216386
1224013782357368832
1224004740964667393
1224005491925192704
1224006727634505728
1224007237762539522
1224009214236024832
1224012319577051137
1224014400538980352
1224001334883573761
1224001871171457025
1224004961765396482
1224006650786471938
1224006986745991173
1224007190949830659
1224009467639095297
1224010364322447362
1224010500398354434
1224011154684633090
1224011941284384768
1224012544840552448
1224013665562697728
1223910942326558720
1223913661313552384
1223914317332058113
1223916335740149760
1223916475745996800
1223917927424020482
1223919673277931520
1223909318380212224
1223910154061721601
1223910240166535168
1223910407926177792
1223910771610001408
1223910953575731200
1223911339619278848
1223912145827631104
1223912177616269312
1223912275406479360
1223912523239493638
1223912530818539521
1223912706916245504
1223912799287549952
1223912828836421634
1223913231753863168
1223913305934303232
1223913918818652160
1223915040685854720
1223915124571934721
1223915313521184768
1223915577531600896
1223916584189792256
1223917698742194176
1223918720604680192
1223918743602024448
1223920254922850304
1223920381658128384
1223920747061633024
1223921093334962177
1223921110665789445
1223921130920140800
1223921982833668096
1223922019546423296
1223922899033214977
1223923208899960833
1223923246782910464
1223923563692023809
1223915263080517638
1223915819719122945
1223920413148880896
1223920484124897285
1223920567239282689
1223921388861390848
1223912128924594181
1223921281294356481
1223923462214955008
1223912149724147712
1223909169666969601
1223909697209733121
1223911087868915713
1223911270967062529
1223911896740397056
1223912141083693056
1223912224202350592
1223912992980525056
1223915507579006977
1223915590076784641
1223915972605685765
1223917084842844160
1223917593939128321
1223917832976654338
1223919288970567680
1223920264267870209
1223922104615231489
1223923828583211014
1223909802847428610
1223910627346931712
1223911245629345794
1223912626226417664
1223915691935510528
1223915894486769664
1223915939621675009
1223918680351731712
1223920280231346176
1223920529758924800
1223921356175179776
1223922110428565504
1223922201583398915
1223922370626379776
1223923197545975810
1223923286821740544
1223918596511993857
1223909112582483968
1223909130919981056
1223909740968861696
1223911189014634499
1223912016638881792
1223913153135890432
1223914299590090752
1223914504062414848
1223914963619799040
1223916511410237440
1223916533036081154
1223916562513612801
1223917108217679872
1223917200697892864
1223917227113615362
1223918574907150336
1223919023596941315
1223919780291325952
1223921763307778049
1223915823967895553
1223918524982231041
1223919305601048581
1223922540898287621
1223923323589005312
1223909060753358849
1223909936578646016
1223910540654850053
1223913479255531521
1223915769416814592
1223918044046614529
1223918517541646342
1223920823754526724
1223921910158888960
1223909706462302210
1223910001909149696
1223913643554889728
1223913925403725828
1223915435248226304
1223919913292779526
1223920673627787264
1223920989010120705
1223921165086941186
1223923281209843712
1223910063041138690
1223910986626846722
1223911027101794304
1223911168273764354
1223911708009410560
1223911838628372480
1223913252821831681
1223913406069137408
1223914759956901893
1223914819507621890
1223915027704487936
1223915968214327296
1223917115234799616
1223917928099258369
1223919274714193920
1223919774662561793
1223920880125911040
1223806228947619840
1223808016299909121
1223808617486389248
1223814711365361665
1223815443095289857
1223816449309003777
1223816895381504000
1223815922898690052
1223807226676240386
1223807480460914688
1223809440018624512
1223815048587567105
1223815337944047616
1223807327272415232
1223815438770954240
1223811089898655746
1223865272588820482
1223867010976813056
1223868089013612545
1223871260096188417
1223871802230951936
1223871867406233600
1223873807124967427
1223875080922550272
1223876222989430784
1223864942794891264
1223865265361784833
1223867605682937856
1223868741596930053
1223870424003444737
1223870490902716417
1223870599224840192
1223870845115871233
1223870929035382785
1223871364479815680
1223871605132210177
1223871735340072979
1223874520337080320
1223877447894126592
1223866461409681408
1223866266756243457
1223869802827087872
1223870792540262402
1223872446182215680
1223874443128246276
1223875264612093953
1223878491759923200
1223863738991812610
1223863824018788352
1223867059580424192
1223867862747533312
1223868273378439168
1223870841324298241
1223871159093121030
1223872003997863936
1223873083464921088
1223865417325785094
1223865886055944192
1223866187857252353
1223868458741456898
1223868858332786690
1223870723237740549
1223870996035317760
1223872348446740480
1223877383922638848
1223877722432143362
1223877886278610945
1223867090895097858
1223872809774002177
1223878315464974336
1223865816074145793
1223871374596476928
1223869271161430016
1223871779426439169
1223875007304097792
1223876607485579266
1223866650388324353
1223867715884109824
1223869008350457857
1223870363270029314
1223871235546845190
1223875226976604160
1223875413862240256
1223878324268818432
1223878371081441287
1224090887954817026
1224091364536832000
1224092429940330497
1224100391824109568
1224102539924250626
1224102838864875520
1224103606963658754
1224105172890259457
1224091303698485249
1224092461242429442
1224093291056156675
1224093395926142976
1224095659365564417
1224099228202545153
1224101003487858690
1224101251719290880
1224103555654672384
1224090175447367687
1224092564338417664
1224095021781209090
1224094776879984640
1224090693758521344
1224090807193522177
1224091444782170112
1224091698587893761
1224091776673288192
1224092427604189187
1224092623687823360
1224093317287288840
1224093729998372875
1224094263945900032
1224095985300885511
1224096037536763904
1224097361946988544
1224100341991514118
1224100586573963270
1224103089977860096
1224103777864749056
1224090484634804225
1224090809022197761
1224092505492393984
1224093108255805447
1224095203629445120
1224095488703680512
1224097255600402433
1224099028352282624
1224099769259384833
1224100596405493760
1224101445072572430
1224102221396299776
1224102387679399936
1224102648275767296
1224093012453724161
1224093242343464960
1224094753408606209
1224095191889534976
1224097461666570246
1224099288134844416
1224099522789421058
1224103091856977922
1224090633675202562
1224090996176236545
1224093965588336640
1224096364096905216
1224096602501140480
1224099131179905029
1224100103956451330
1224100207530532871
1224101672911298560
1224102206485487616
1224094355960553474
1224091000198631424
1224091146202292224
1224091316285591553
1224091399987044354
1224092032257478658
1224094545081786370
1224095629921652736
1224103921683255303
1224091223083880451
1224097926567419911
1224098037691297794
1224098943975534593
1224103473022631936
1224090872758898688
1224091373726507010
1224095692039344129
1224096352684199936
1224097115443552256
1224097542016770055
1224100463475351552
1224102141314457602
1224102337842728961
1224103212321591297
1223761038161653760
1223762437587066881
1223763406991187969
1223768737632919557
1223769934880280576
1223770482262102016
1223771611230326784
1223759201412890625
1223760829050261504
1223761879983710208
1223762547138093057
1223763440189296641
1223767879062941697
1223768304243957760
1223761792364621824
1223763742170779651
1223768516408508416
1223770809015177222
1223763032301621248
1223767453907464192
1223769424559333382
1223770208348839936
1223771025302872065
1223759152268423173
1223760186432724992
1223760622258728960
1223763726807064576
1223766299010007042
1223769743003475969
1223770951881543681
1223772300958412800
1223763320085393409
1223765419938414593
1223762585159393285
1223763042061705218
1223768139781103617
1223768291891732480
1223768885108838402
1223769989900947457
1224030241460494337
1224032034340864001
1224037445227905025
1224037970774253569
1224038543372226561
1224039564957962240
1224040490145808384
1224040498022711297
1224040642554343424
1224040872574144514
1224041067466629120
1224044186820923393
1224044613528444928
1224044676489129989
1224029873129377794
1224031475630321664
1224033801086689280
1224034320777666563
1224035481760997380
1224036825548779520
1224038340216938500
1224038958981701635
1224041425312079872
1224041815898304512
1224030224943284235
1224030963002376193
1224034113092538368
1224035343621672962
1224039485937274885
1224039547211862018
1224044607249559553
1224034681320038402
1224038501253074945
1224041133438898178
1224041347704860673
1224032065856864257
1224040679350906881
1224039707446636550
1224042397753118721
1224043492877520902
1224030764318298114
1224031287649935361
1224031405442850817
1224031728416763906
1224032244030984192
1224033302245466115
1224035050238435329
1224035550983794689
1224035760468320258
1224037796228235265
1224038213066596352
1224038939880759296
1224039110182088705
1224040058774347776
1224040097676513285
1224040843394322434
1224040977712676878
1224042412252725249
1224043456588394497
1224044667857186816
1224044725981863943
1224031796620382209
1224033293781405702
1224035650967605250
1224036762680537088
1224037307898040325
1224037560734945282
1224038399939633155
1224042868383330305
1224043190631747585
1224030547908997120
1224032055844978688
1224033779548815360
1224034878762704898
1224035023684194305
1224037292257443840
1224038415693381638
1224039006700175361
1224039737385783297
1224042169822064641
1224043060847312897
1224044712753090560
1224029734868267010
1224030896568840192
1224037006000508935
1224040648560599042
1224044272455966720
1224044481118425090
1224031752135553025
1224032009934254080
1224034289987325954
1224035408062881793
1224036247263481857
1224038705016471555
1224042278957830151
1224042794727112705
1224044442061090816
1224030094555000832
1224031250295545859
1224031883190730753
1224033184649809920
1224036572733083649
1224037475162738688
1224043638809862146
1224044556133523458
1224030222103842821
1224031168162648066
1224031512045203456
1224031840790548483
1224032006193012736
1224032167434620928
1224034627851030530
1224034704908849153
1224039664572600326
1224041139830915073
1224041316335656962
1224043004681433091
1224044598911283201
