1231474223769669633
1231476011671412736
1231477485658869760
1231481324906647554
1231484347666096128
1231486551122677760
1231473967074103296
1231474280799490048
1231478556074573824
1231479047273795585
1231479155621011456
1231481931071705088
1231483446339538945
1231484024348082176
1231484743788716032
1231485800610746368
1231486148075302913
1231486539806408705
1231487171988774912
1231487462108782594
1231487598415220736
1231484709030563840
1231485288473604097
1231487176426360832
1231474023017697280
1231476349438775297
1231477248789753856
1231478479608258560
1231478965711310849
1231479464242089984
1231480130700267520
1231481849496637441
1231482051498512384
1231482119043592192
1231484292125122561
1231485671644237824
1231487785862914049
1231475509093183488
1231485423366569984
1231476209818755072
1231478562131238912
1231478950263570432
1231481132656582657
1231482436263043075
1231482637103124480
1231482832507297793
1231483636005949440
1231485138103668736
1231486229096648706
1231474339947728896
1231476594675519488
1231477276707082240
1231478062467993600
1231479301779939329
1231482624457216000
1231483052267835392
1231484866157568000
1231485136992116737
1231485428202688513
1231487370140229632
1231487609463037953
1231487617935511552
1231488457253556224
1231488735524663299
1231488851602018304
1231478711284830215
1231480661397078016
1231482296949231616
1231474071508004864
1231474097172963330
1231474269701496832
1231476137798316032
1231477736293765120
1231478310762418177
1231479178891005953
1231479862294196229
1231486279029862400
1231488117036720129
1231488371106541569
1231479986806239232
1231482402268237826
1231484278887845889
1231484342507053057
1231484797022875648
1231487126618943493
1231488656508170240
1231474928228106241
1231475680786907136
1231476018982027264
1231476024610893826
1231478082940391424
1231478983889432576
1231479397665906689
1231480239064309761
1231482010599854080
1231482979500920832
1231483395563311104
1231484186508304384
1231484528797134848
1231485092238852096
1231486421174804483
1231486434114232327
1231486579601965056
1231487419435962369
1231488282321674240
1231485217145225216
1231478583929004033
1231473937743216646
1231482785946193922
1231483242072748032
1231483518196289537
1231483635435495425
1231487782230597632
1231477231345684481
1231480902859083777
1231483285005619200
1231485987844481024
1231487599648346113
1231609854705487873
1231609854751584256
1231610267638882305
1231613414872621056
1231613457432182784
1231613944046944258
1231614408499089409
1231618676081790976
1231619394964541440
1231619431580737538
1231620303257767936
1231622169182035968
1231623546029379585
1231624341470748672
1231611347722477568
1231620596036984833
1231610287473733632
1231610579254730754
1231610935200112646
1231611117144813573
1231611261189791744
1231611308052750336
1231612578952105984
1231613520107757568
1231613635027443712
1231613738760974336
1231613857401122816
1231614048468393985
1231616342354092032
1231616342509244416
1231618719266177024
1231619738377150464
1231620248664600577
1231621128453607424
1231621911081373696
1231622016429625344
1231622616013778944
1231623261068263424
1231623419847901184
1231624320390221826
1231624601056239618
1231611741190139905
1231610206607507460
1231610299850969091
1231610747471515651
1231610783634731008
1231611080063016961
1231611212212953088
1231611345302425600
1231613012907261953
1231613413333360640
1231614770769518592
1231615509885521922
1231616983612956672
1231617245429796864
1231617251079487488
1231617472928911360
1231618188724621312
1231618598319382528
1231619130698190848
1231619391755816969
1231619591429861377
1231619635654643718
1231619704759951363
1231619805175799817
1231619822884151296
1231621326332473344
1231621810803875841
1231621944124039176
1231622661232635907
1231624307786342400
1231610245769826305
1231612013614452736
1231612253792763907
1231618440311472133
1231620046797099008
1231621726406049793
1231624227708690432
1231612551298977793
1231619435649228800
1231617115343540224
1231622395590594560
1231617507846475777
1231610289541537795
1231610878015004675
1231611287945261056
1231615152769978368
1231609872426446851
1231610274706329601
1231611403812982792
1231613562113740801
1231613720041861124
1231614657904939009
1231614805506744320
1231614943180591104
1231615234638524416
1231615326917361667
1231616313954574337
1231617000423788545
1231617658656825344
1231618470611226625
1231619211971133440
1231620664202846217
1231621166827216897
1231621444028829697
1231621942534426626
1231623551469281280
1231624537772609543
1231609906656051202
1231610029297586177
1231610333460037633
1231611490291068928
1231611696390733825
1231614479634399232
1231615430915129346
1231617415726977025
1231617816899526659
1231618749742166017
1231618955686686726
1231619155322953729
1231620106054258689
1231620166104035329
1231621620378324992
1231622475231956998
1231622496681635840
1231623098602074113
1231623846123515904
1231624709592276999
1231623972162281474
1231619753111891968
1231609800632471554
1231611556699439105
1231611810685390848
1231612168925302784
1231612215238766593
1231612410156453888
1231612421980160000
1231612625429159937
1231613691709337600
1231613956239826944
1231615155747934209
1231617003833745408
1231617111098822656
1231617341621927938
1231619770916704262
1231620034851676160
1231621130970128385
1231621555840540673
1231621900062928898
1231624359032369152
1231624422173401090
1231610207463202816
1231611190977187840
1231611227916394496
1231611753756270592
1231614082937217027
1231614556591534081
1231615339395518464
1231616752611622914
1231616892277796864
1231616965925638145
1231619764776206343
1231623185185017857
1231609714775142406
1231609817300709384
1231609947034673153
1231613148966400000
1231613325957570560
1231614022929305606
1231614963594252290
1231617437965180933
1231620575652712450
1231620630820401152
1231621313497911296
1231622315395485698
1231624308037996547
1231624342951337985
1231622577631698945
1231614639936593927
1231611366894718977
1231611686320246786
1231612919865073666
1231616305524101121
1231609751433359361
1231610589732012034
1231612011290800137
1231612263905275905
1231614052608151554
1231614630042177536
1231615423038345219
1231616553210306560
1231616794496028674
1231616988704911361
1231626007842557952
1231626911857725441
1231627208726323200
1231629025656918017
1231629215616962560
1231629504663044096
1231630654816817153
1231632370861821953
1231633256296087552
1231633407983136769
1231635798337912840
1231636337121538048
1231638528272011266
1231639242381680640
1231625816376737792
1231630132701532161
1231625304789200897
1231625755060248576
1231626034296053762
1231626162616643590
1231627041075798017
1231627320441610242
1231627919363125248
1231629047936905216
1231629814945263618
1231629981043712001
1231631249728512001
1231631253931200516
1231632394832183296
1231632544543780865
1231633038406234112
1231633630545379329
1231633892022595589
1231634781219311616
1231635190835023876
1231636333174628352
1231639268839317504
1231639513556029443
1231639824005812225
1231625412012277762
1231625726195093504
1231626041208250370
1231626096501829633
1231626555601887235
1231627046318739462
1231627941907439617
1231627961310294016
1231628561037045761
1231628785126170625
1231629625052323841
1231630559367049216
1231631756337565697
1231632542375333889
1231632892041793541
1231633028172173312
1231634331514425348
1231634751204794369
1231635327816806401
1231636197572857856
1231636228606312448
1231637354416353281
1231637937059704832
1231637986514698242
1231626242807468036
1231626393710145536
1231626501990338560
1231627588117958656
1231628463083343873
1231630030696067073
1231632623681916928
1231632713603522562
1231634814303973376
1231634900060659718
1231637368198791168
1231637906701377537
1231639810495975424
1231625368144093184
1231630607890997250
1231636047064334337
1231626186310266881
1231635212557258752
1231635277552156672
1231635515277021184
1231636649899102212
1231625879937339392
1231629601769652225
1231630263991574530
1231630835675205632
1231633143674871808
1231626323581440001
1231627491489480704
1231628072107069440
1231628640728895491
1231628786308931585
1231632332660072452
1231633220778811404
1231633405277810688
1231635135260434439
1231635198309228544
1231635354186285057
1231636164504965120
1231636679624183809
1231637056377544704
1231637670864064514
1231638858313404418
1231639127738798081
1231639141458333696
1231625562747265027
1231626057280823296
1231626274826833925
1231627528571408384
1231628063722614786
1231629627178782721
1231630188645158912
1231630738258309121
1231631084422602760
1231632882898231298
1231633373350764549
1231633503860744192
1231634019487559682
1231634263046488064
1231634521574887424
1231635102297460737
1231636202643755008
1231636367026933760
1231636677392818176
1231637436222070785
1231637604333969412
1231638050419150849
1231638425763270656
1231638855306088450
1231638897635024896
1231639662357295108
1231625964200890370
1231630743622819840
1231632022768168960
1231635388307038208
1231626635608305665
1231634201096658946
1231625402847768576
1231626581514346497
1231626690717196290
1231626821336272897
1231626979566407684
1231629325604179969
1231629462246232064
1231630126791712768
1231630285109895169
1231631168711352321
1231631594357698561
1231631967332061184
1231631992338382848
1231632739343925248
1231633243784597506
1231634031680401409
1231634417749241858
1231634866959273985
1231636308600279043
1231636418402934784
1231637183020388352
1231637987622051840
1231638159408193536
1231638532474753026
1231639166544379905
1231626425624616960
1231626933047308288
1231627091436883968
1231628237433905153
1231628766457323525
1231628962771734529
1231631341030170624
1231632835523567618
1231634161426993152
1231634249859633152
1231636410576310272
1231636951847129088
1231638232200359938
1231638308889014273
1231638712469069831
1231627504240275456
1231627565372231682
1231631897962385408
1231633795255762944
1231633931042250752
1231634406944710657
1231635056738914304
1231635184103120897
1231635960728866816
1231636121446039552
1231638815627976704
1231638990278873089
1231639300669943810
1231639555201273856
1231632576646959105
1231634458673065987
1231629084037439490
1231625340415594496
1231627102727872514
1231629405023281153
1231633330350837760
1231635646759997440
1231639590492082178
1231624977696378880
1231625341707456512
1231625431134195714
1231626067712135172
1231626638351314946
1231627915495952384
1231632389295820800
1231634010037723136
1231634932914671616
1231635146878705664
1231635617399889921
1231637576613756929
1231638583984914433
1231638861861859330
1231638900843720709
1231639243350474752
1231639584943017984
1231639749191962624
1231639843068837889
1231656937386905606
1231658447395065858
1231659575197171712
1231661620650291200
1231663046336139264
1231663662810750978
1231665816862679042
1231666801257467909
1231669255604768770
1231656080792485888
1231657980409602050
1231662230363656195
1231657792026660864
1231656014128304130
1231656087629312000
1231656529880911872
1231657303427964935
1231657456176107522
1231657965272346625
1231658041449353216
1231658088077447170
1231658470035816448
1231658617738121217
1231658618719633409
1231658619642339328
1231658826216157184
1231659257562529793
1231660058834018304
1231660548682547200
1231660924202835968
1231661512311394304
1231661607413002242
1231661653227458561
1231662121659793410
1231663031811178496
1231664435460288513
1231664970003148800
1231665383452573697
1231665657432956928
1231666109398605824
1231666322834149377
1231667146322780160
1231667500531830785
1231667705704480769
1231668625372798976
1231668381956366337
1231655338283278337
1231655445154189317
1231656824639836167
1231657295559503873
1231657341675868160
1231657449213612032
1231660079256043520
1231661341703798789
1231662394860089345
1231664418527883264
1231664714943549440
1231664911589076992
1231665217677004807
1231667717649977344
1231668053504450560
1231668350968827905
1231668940759347200
1231669310843740161
1231669949040676864
1231655031729987587
1231655078215454728
1231656568078454786
1231656582192287746
1231656897549303810
1231659425573875716
1231659671502704641
1231659847067873281
1231659924960219139
1231661166256062467
1231661189601644547
1231661422217768961
1231662708535287809
1231663313442017285
1231669431119630337
1231655165184421889
1231656623208312832
1231659678481907717
1231662314056753153
1231665064039587842
1231658925310779392
1231655528167809029
1231657556801708032
1231657669322248192
1231662308407087104
1231663661481123843
1231664897907462146
1231666219981430784
1231667047668633600
1231655638347997195
1231657515462668288
1231658338582220800
1231658622289051651
1231659155905302529
1231659808937447428
1231662173094645762
1231662216140795905
1231662244678848513
1231662383724158976
1231662518856232961
1231662993898954754
1231663263978590208
1231663559882485761
1231663611485065216
1231667172902133760
1231667697991258113
1231667928430497795
1231669097160724480
1231655328816795648
1231656019790422016
1231656139005288448
1231656470284062720
1231657628436246530
1231657877011603457
1231658107878723584
1231659436726521859
1231660537731260420
1231661288729796609
1231662483942887424
1231662606810787846
1231662822385504256
1231662856174735360
1231664559297089541
1231665336191246340
1231665377698091008
1231666162926342144
1231666264550014976
1231666462898769920
1231666563973099524
1231668408627974150
1231668705899225088
1231670052191162373
1231659992756912130
1231664848536264704
1231656353065787393
1231660015607570432
1231659542246719490
1231662753074622464
1231655653128724480
1231656866176028675
1231657043544723456
1231657140529618946
1231657972851445760
1231658169706930177
1231658402994163713
1231658763268108288
1231660823606677509
1231660888475799553
1231662422307540999
1231662777762226177
1231662793285423104
1231663344584740864
1231664211866083329
1231664471933890560
1231665100253212672
1231666997945081859
1231667982511812610
1231668293053943808
1231668300595257345
1231668870240522253
1231655805566488578
1231655958708936710
1231656152892661761
1231656317208682497
1231656873960628225
1231657407283171329
1231657660145115138
1231658633022320640
1231658637409607680
1231658746184642561
1231658894486908932
1231660517179240448
1231660651493416960
1231660747618504704
1231660858792693760
1231660906112835585
1231660965231570954
1231662165620412416
1231662689258262534
1231662795088965632
1231663297042288640
1231663806385967106
1231663895221239809
1231664951321931777
1231665022495023105
1231665987830845441
1231666460763852804
1231668718431809536
1231668876355735554
1231655829205594117
1231656062098472963
1231656410238406656
1231656617273438210
1231657446948601856
1231657878571933698
1231657988827615245
1231658010285662211
1231658329140756480
1231658384950284290
1231658491359760390
1231658700076699648
1231658983880118272
1231659003777880066
1231659046081617921
1231659266701955072
1231659945420099590
1231660419741290498
1231660544819712000
1231661762354786304
1231663103374495746
1231665591032913920
1231666804784758785
1231669734380359682
1231657873131921408
1231655575618015232
1231655797869961216
1231656192918814727
1231657791766614016
1231659278869712897
1231659670953222145
1231659990177472521
1231662065829531648
1231663921070776325
1231661651457433600
1231662060779581441
1231664934100045831
1231665671551016965
1231666227984183296
1231668048706330628
1231656853861519360
1231658353295872000
1231659072782503936
1231659079334080517
1231660696489857028
1231660869576204295
1231662249493893123
1231662556424613889
1231664528607391744
1231664693036699656
1231666342719258624
1231666686266368001
1231667024792780800
1231667180170809344
1231667497348354050
1231668235533242368
1231668475652902913
1231669517169897473
1231669789493518337
1231564584777134080
1231564867632586752
1231567213506781184
1231567596882944001
1231569274277376000
1231569990777810944
1231571694659211270
1231571981914472449
1231575188904587270
1231577242272178177
1231577906872229888
1231575051226566657
1231567317697519616
1231567682140504065
1231565139436089346
1231566509425623040
1231567138533466112
1231567617938292737
1231568348225429510
1231568798781759488
1231569022497574914
1231571556310097920
1231571937492639744
1231572860621262848
1231572999880441856
1231573034596696064
1231573169808584705
1231573409236209664
1231573696961241088
1231575194323558402
1231575345809092608
1231576526233243650
1231576692285755398
1231577232872632325
1231578292450463747
1231578758034984960
1231579426984472576
1231564973106716672
1231565453253894144
1231565676520919047
1231565759282847745
1231565805093097472
1231567623214837760
1231569818224070657
1231570149339258884
1231570912069259264
1231571645111951360
1231571711503556608
1231572778136014848
1231573954084704256
1231574041682681856
1231574223056965632
1231574731813421058
1231574743469510657
1231577815570620416
1231577959045177344
1231578523871203328
1231579158628556800
1231565128463765506
1231566444640514054
1231567560946200577
1231569665241030656
1231569917536874496
1231571836485300224
1231572156535971840
1231572386606088192
1231572883232583680
1231573727420256261
1231575126728171521
1231575683303907330
1231576854319988736
1231577156213493760
1231578472100900868
1231579172214059014
1231574374874042368
1231574142480072704
1231567864584429569
1231570420467367942
1231571095419080704
1231575036458389505
1231564474835972096
1231565476498739201
1231565624029175810
1231565660343410689
1231565961792192518
1231566487376273408
1231568144218673152
1231568726568394752
1231569009864249344
1231569109147668480
1231569600959172609
1231570325000904704
1231570513987854336
1231570923691683841
1231571833708781575
1231571877275095040
1231572530172977154
1231574217671528449
1231574512837300224
1231575919548125184
1231576461565452290
1231576640909643778
1231578150813011968
1231565326162235393
1231565469431324673
1231566266806276096
1231567408525172737
1231570330138882050
1231570899175923712
1231571406997073921
1231571633854439427
1231572985095639041
1231573088862658560
1231575650898759681
1231575801323229185
1231577601157758977
1231577670531657729
1231577907593719813
1231568806805299200
1231569517018521602
1231569995475439616
1231572198072233985
1231572199535935489
1231573817320972288
1231574185266335744
1231574707129942017
1231569141485666309
1231569646907731969
1231569676842545153
1231577830280105986
1231578941707694081
1231566419751514112
1231566711503106049
1231567289822171136
1231567659449376768
1231567848922845184
1231568227815317505
1231568557735120901
1231568690052784128
1231569239569567744
1231569903511068672
1231570175125680128
1231570805433282561
1231571796450672640
1231572226798952449
1231573138837733376
1231573766116925441
1231573773083652096
1231574074989645826
1231575029705519106
1231575493998252032
1231575685484945408
1231575975038717953
1231576602473123841
1231576661562396674
1231576824750202880
1231577683391283200
1231577699145125888
1231578335119126531
1231579320411357185
1231564499838218241
1231565508513759233
1231565710398304256
1231565853478596608
1231566093619269633
1231566331125825538
1231569158137139200
1231571277762179073
1231572451840143362
1231572591103619072
1231572893009616896
1231573471106387971
1231573593487790081
1231574083646742538
1231574355123023872
1231574756627009536
1231575548008321026
1231577686432239617
1231578642171322368
1231578827215790080
1231564936565919745
1231565209787097088
1231565972697473025
1231566233813889024
1231566515801030657
1231566569421131777
1231566789441662976
1231566875806568449
1231566981926617089
1231567354737438721
1231568301932908544
1231568354680483841
1231568426595995653
1231570701842288640
1231571071826042883
1231571233495486464
1231573200011714561
1231573405205454848
1231573489355776000
1231573573623525382
1231574348009476097
1231574933286858753
1231575459768479744
1231575616132190210
1231576340484251648
1231576970946842625
1231573865417052160
1231566145846726656
1231574008472178690
1231566922040401920
1231570940108120071
1231564525452898304
1231564541634531328
1231567649697603585
1231569182795411457
1231569743355707394
1231569940047511552
1231570547143839744
1231573338595553281
1231576115740889089
1231564861953499137
1231565831521349633
1231567437495177216
1231567993487884289
1231569515949043712
1231569734015037441
1231569762561462274
1231569779430952960
1231570058540933122
1231571105489588224
1231571128247816193
1231571137034846209
1231571426777468933
1231572970881114112
1231575428944494592
1231577362447376384
1231577671953534977
1231578989577330688
1231550509577834496
1231551166577872896
1231553231098187776
1231556363953803267
1231559777362292736
1231563384061075457
1231563754174910465
1231564237870379008
1231553593699905537
1231555027589894144
1231555386811076608
1231561777730801665
1231550565676613632
1231554950813093888
1231549282404139009
1231549329149767681
1231549369641553925
1231549943174832128
1231550108220755968
1231550298604408833
1231552045154324486
1231552291485802497
1231553447377408004
1231555300223832065
1231555496831803392
1231555686947000321
1231555984293859329
1231556235633340416
1231557265007824896
1231558084948103168
1231558314238103554
1231558918368845824
1231559534088540160
1231560153666904065
1231560429647867904
1231563189403385857
1231549425820012545
1231549447873683457
1231549498603835392
1231550901728444416
1231551357158555650
1231551645181448193
1231551704564486144
1231552187299483648
1231552476274450433
1231552837777227776
1231552899563520002
1231554305720803329
1231555280892256266
1231556452097110017
1231558472275238912
1231559107016110080
1231559346015875073
1231560851309629440
1231561298414051329
1231561862287953920
1231562087383457795
1231562234637189121
1231562755578171392
1231563787712573440
1231563809124503552
1231563855731580928
1231549503305637888
1231550639488032768
1231550892257816576
1231551290259496964
1231552135373950976
1231552190256472064
1231552248385241088
1231552556859568129
1231553035215802370
1231553887800348672
1231555258675073026
1231555975867518978
1231556404474978305
1231556485504741382
1231557445291585537
1231559021280350208
1231559621472473090
1231559723532652544
1231559960032677889
1231560581129363456
1231562407681691648
1231562835425099776
1231564359362629635
1231556028451426306
1231556677536755713
1231559616108093444
1231561802800128001
1231561919649193984
1231562103787577348
1231560168434995200
1231550850193121282
1231561503708524545
1231563206742724613
1231550111920029697
1231550585612185600
1231550628482158592
1231550794253643777
1231551406785671169
1231552736589754370
1231552881062445061
1231552900645769218
1231553222424350721
1231553597529362433
1231553844691128321
1231554234082041857
1231555029200359424
1231556223247568901
1231556710004817920
1231556818226335744
1231558805437210628
1231558856477696000
1231559322053857280
1231559360637210626
1231561105178288128
1231561806986043392
1231561926427205632
1231562439935889410
1231549487698661377
1231550474106568704
1231550607200333824
1231550935169732608
1231553055784607746
1231553553573011458
1231553927914631170
1231554150816796673
1231555941545529350
1231556025184145409
1231556242818113537
1231556670502907905
1231557544444862465
1231557625445310464
1231558866426572801
1231559657916968961
1231560871127678977
1231561922891350016
1231562236562432003
1231562401645985792
1231562963187838977
1231563732448432128
1231550236012765184
1231550697839169536
1231550938596487168
1231553351881560064
1231553453522063360
1231550142379175936
1231554375182667776
1231556771199832064
1231563949788815361
1231554961261113344
1231556740845592576
1231558611308027905
1231549330156376064
1231550582793658369
1231551525568307206
1231551657374310400
1231551668526944257
1231552169075077124
1231552187970572289
1231552767979917313
1231552964508233728
1231554035251138560
1231554756746924032
1231555110993567747
1231556232227557377
1231556951978500096
1231557367541764096
1231557580213903360
1231561467046043648
1231562740084412416
1231563735485100032
1231549365002502145
1231550952232095744
1231551687040655362
1231552028263972864
1231552273500823554
1231552277988757505
1231553721051602944
1231554440135675904
1231554471940980737
1231554562823196672
1231554666850398208
1231554761444536320
1231555014151327744
1231555673533665280
1231556973990174722
1231557614137376768
1231558779227033600
1231559897839525888
1231560164886687745
1231560384756224000
1231560446643245057
1231561441142071301
1231563537446776832
1231550231625465857
1231550312604934144
1231551630870446080
1231552292329054210
1231553362287616000
1231554064606994432
1231554470460477442
1231554509647884290
1231554817534898177
1231555165901205505
1231556109904814080
1231558320365981696
1231558643470028800
1231558803562401792
1231559952927514626
1231560431417819136
1231562287095390209
1231562450702499840
1231563151293984774
1231563177407778816
1231563995326435328
1231551130590752769
1231563660679667714
1231554220031184896
1231551125024837647
1231555268804272128
1231555305475072002
1231561247956578306
1231549679114104832
1231549733690396677
1231550279184715776
1231552299287351296
1231552636417171456
1231552805468459012
1231554680754495488
1231555613978767360
1231557223882674176
1231557388630724608
1231557440774266880
1231558646347243522
1231559586919915520
1231559869603426304
1231560616692912130
1231561794428243968
1231562032903835649
1231562310478635014
1231563356848447489
1231563940171329537
1231564276546068482
1231640642981433346
1231640714917957632
1231645314282663937
1231646168737886208
1231647476492521472
1231647859331796993
1231648060335435778
1231648769265094658
1231648828572545026
1231649790892662784
1231650455257780224
1231651118868029447
1231651389639712771
1231651927068377094
1231652063962112000
1231652638225321997
1231653009156902916
1231653293627248649
1231654344560381952
1231654375145299968
1231652811559100417
1231641820129644550
1231651962254434304
1231652311220576265
1231652862586953730
1231653786449596418
1231644477057650688
1231650418670940163
1231640105951072263
1231640830240227328
1231641249742049290
1231642381373624320
1231642405528625152
1231642573929959429
1231643143931494401
1231643894842056704
1231644935553736710
1231645153523269635
1231645329184960512
1231645346436177920
1231645659750653953
1231646322542903296
1231646746209636352
1231646783681519616
1231647067891736576
1231647929892556801
1231648098411319299
1231650949413949440
1231651054321831936
1231651165361889280
1231654086652628992
1231654903690485765
1231640942169526280
1231641571289903104
1231642069325819904
1231642971315064834
1231643067586838528
1231644551493881860
1231645309152919554
1231645615060373504
1231646036290129920
1231646692790984704
1231647193217617923
1231648149116194816
1231648256091918336
1231648691271995397
1231650422047285249
1231651683937259520
1231652737131130884
1231654930957639680
1231641607008595969
1231642098300018690
1231643744165912577
1231644556594237451
1231644972534960131
1231644993820995585
1231646132909961216
1231646200392278017
1231647664644775938
1231648255030767617
1231648302661324805
1231648681646006276
1231648720640512002
1231650491404300289
1231651016132759552
1231651242348294144
1231653336476274688
1231653743738982400
1231654021464838145
1231654235550494720
1231653412938375169
1231654049604362240
1231646095421427714
1231648915793104900
1231651449882341376
1231652720291065856
1231652943063134208
1231639911612198916
1231640115463827456
1231640895289790465
1231641468424597504
1231642506183528451
1231644285235318789
1231644662097686528
1231646296798322691
1231648245153239040
1231648507389521921
1231648792656711688
1231649180248133632
1231650329831313408
1231650350215630849
1231651497559105537
1231652250960957441
1231652303272390657
1231652393051459585
1231652554020413442
1231653429031919616
1231654520071053321
1231654553344528384
1231654599909691399
1231654874762350593
1231654884363161602
1231640102167810048
1231640305541226496
1231640581266386946
1231640734991896577
1231640884900487171
1231641007529304064
1231642938658168832
1231644630741114880
1231646328859525120
1231646355908632577
1231647675126353921
1231648447226400773
1231648638973173760
1231648678764478464
1231648687484391424
1231649093254098945
1231649132487598080
1231649747192209415
1231650021633904642
1231651781291192323
1231652066172579840
1231653333422821378
1231654405293867008
1231644146424782850
1231647749587832834
1231647585330499585
1231650567941914625
1231652799051526145
1231639944843735043
1231640042973663233
1231640390274555906
1231641407586263040
1231642564580855811
1231642834979168256
1231643183546880001
1231643585491226624
1231643687656022017
1231643844749426695
1231644015684132864
1231645804055662594
1231645991348162561
1231646881027166209
1231647177207959552
1231648337255948289
1231648420638740483
1231649456707244034
1231649560281468930
1231650109840117761
1231651648575025155
1231651689264033797
1231651851684188162
1231652117066264577
1231652500513710080
1231653493565526016
1231653529951096832
1231653682602823680
1231653964556402697
1231653801628749824
1231644132000649218
1231644463489060867
1231644508951076865
1231644789550014464
1231645083134459907
1231646591179771907
1231648780493217793
1231649409194242049
1231650269559230464
1231650557179330563
1231650652809498625
1231650832300617733
1231650838206124036
1231651485513064449
1231651571714445312
1231651688546590720
1231652332242440192
1231653773875073025
1231640286473879553
1231643166203355146
1231643392326631425
1231643574967599105
1231644162707087360
1231645101010628611
1231645806664593409
1231645962491310088
1231646518047920132
1231648610867130368
1231648810700546056
1231649055396290560
1231650683335651328
1231651533063966724
1231651769425506304
1231651939353538560
1231652306539753473
1231653420748222470
1231654231276490759
1231647351531589632
1231648125946933251
1231640601566859265
1231649864775356417
1231649964301877250
1231653925767524358
1231641559306833925
1231643123228594176
1231644870034456577
1231648564088053761
1231648821115047941
1231650434907025414
1231651594367836164
1231653667641679877
1231640618708938754
1231642909855932421
1231644740854128640
1231644845472669703
1231645760313339904
1231646944839262208
1231647291020398593
1231647558621179904
1231647593538760705
1231650981613625351
1231652731066167298
1231653597819154433
1231653885577715712
1231654127358369792
1231654608524730369
1231654721938694145
1231654825642938369
1231673060446654464
1231674492197490689
1231676318917578757
1231677028476366849
1231678450383118336
1231678832387743745
1231680218110267393
1231680373945487361
1231681392909656064
1231682232013721602
1231682258651795457
1231683982397341696
1231684330755362819
1231684655130324993
1231673418237534210
1231683827879288833
1231673218961985542
1231670180138430466
1231672782561431561
1231670120050806791
1231683794165518337
1231684857815818240
1231670583764672513
1231670778757861376
1231671320506699779
1231671391138852864
1231671717019496448
1231673882777661443
1231674011366543361
1231674238894927872
1231674387989966852
1231674897585319936
1231675077462306816
1231675255741206528
1231675751973429248
1231675975559262209
1231675999437434882
1231676341965217792
1231676404112207872
1231676923429969921
1231677171430776833
1231677349302820864
1231678536911654913
1231678990173253632
1231679065662332931
1231679326900359171
1231679589233123336
1231679600771682305
1231679660196614146
1231679885367808000
1231680601817788416
1231681457602605061
1231682453980532740
1231682610415489024
1231682612688715776
1231682951563403269
1231684030044803079
1231684650264858627
1231670396035969026
1231671066457587712
1231672831601266688
1231673215979835392
1231673290177105921
1231673602669469696
1231674500024066048
1231674696544006144
1231675853865701376
1231677441296433153
1231677457176104962
1231678043015524352
1231678716402688011
1231678752389783557
1231679078073348102
1231679753591107590
1231680408842051584
1231682353233383426
1231682587929780226
1231682651553255424
1231682897037447169
1231682933259370497
1231671456595091456
1231672134491103232
1231673231058362368
1231673694352703488
1231676606973960195
1231682807430172672
1231682890737557504
1231677243262369793
1231677313370247169
1231680398226272262
1231680946249850880
1231670814644330496
1231674010829754371
1231682066707894272
1231683756530032640
1231678204122947586
1231680961089298432
1231684827046383618
1231670429292560384
1231670716661104647
1231671127635898375
1231671184191873030
1231672010289373186
1231672438389452800
1231672858822291456
1231673940684296195
1231674728982679552
1231677688391360512
1231677981178892289
1231678719271542787
1231678966370643973
1231679961536385024
1231680755333582848
1231681337582661632
1231682301609811970
1231683477780783104
1231683763123490823
1231683987757838339
1231684302263504896
1231684360732127234
1231684397029642242
1231684604454752261
1231672628030660608
1231673433433477120
1231673940835229700
1231673953661440000
1231674214631059457
1231676647541268482
1231676662162522113
1231676721126105088
1231677308777455616
1231677527535575040
1231677946454269955
1231678100112576513
1231678831569833985
1231679178719846407
1231679937754599424
1231679940325761024
1231680327514542083
1231680530623717377
1231680622969655302
1231680694218350598
1231680983340023808
1231682429951320064
1231682523127779330
1231682645144326149
1231683108577185793
1231683130811179010
1231683189439172613
1231683665673048064
1231683932103544842
1231673591017680898
1231675771116232706
1231678394561179650
1231680871368929281
1231677719496269824
1231678572441591809
1231670985935466496
1231671134027997184
1231671581866446850
1231673051231739911
1231673348654010370
1231673369323622401
1231673432925929477
1231673879359295488
1231674269593194499
1231674590432309249
1231674803758804992
1231675335420325888
1231676890559262722
1231677188510027776
1231677331942596608
1231677586515931136
1231677628907544576
1231677745194774531
1231677851809853440
1231679065075146758
1231679098881269763
1231679393124306945
1231679804589604873
1231680203476303874
1231680767220051968
1231681476950884360
1231682129026785280
1231682620662145030
1231682780888612865
1231684798227324930
1231684870415495169
1231670202204663808
1231670738714841089
1231672456546574338
1231674928824508416
1231675573321244674
1231676363008086017
1231676399330701317
1231677080762449922
1231679044955103233
1231680282639654912
1231680778720993283
1231683049869467651
1231684942242947072
1231670644292624388
1231670867865849856
1231671243851665408
1231671700837761025
1231672341874298881
1231672351743410176
1231673511359459328
1231675302511816704
1231675350838661122
1231677700164722689
1231679482869829632
1231681471137689606
1231682970341249024
1231683581258412034
1231683593086304258
1231683603190427655
1231683721436246016
1231684911985315842
1231671455462506496
1231676281030348802
1231681486677561345
1231682390961131520
1231684184927850497
1231670940674797569
1231671532763713540
1231671907252129794
1231672361272987651
1231672516789272578
1231673629601148937
1231674623915372544
1231675040795701248
1231676424064577538
1231676425444511744
1231676586342199296
1231678834132574215
1231680727265218561
1231680749390221314
1231680958329479168
1231681710544297988
1231682044075401218
1231682577947414528
1231682856864436225
1231701392928202753
1231701856889507840
1231702083549700098
1231702616696115201
1231703045685350405
1231703105466703876
1231703133996376066
1231703751955750912
1231704384486232066
1231704541118304256
1231704708261306369
1231705124638199809
1231705759353843714
1231707159613837314
1231707173975154696
1231707742089465857
1231707813363245057
1231708634108878848
1231708952334868481
1231709242647891968
1231710022410747904
1231710339080884226
1231710829705342976
1231710904972083202
1231711802146410496
1231712241491247104
1231713086454845440
1231713759120502784
1231714433422036996
1231714467571998720
1231708478038773763
1231708531864326147
1231709889711439872
1231700551613734912
1231701338041569282
1231700335841947650
1231702354887610369
1231702554305847296
1231704676782891009
1231704964508069889
1231705478926946304
1231705803977035777
1231706001998569472
1231706156017561600
1231707052512333824
1231707788210065409
1231708121996890113
1231708703742668801
1231709303637266434
1231710062583799809
1231711579663671297
1231712162713866248
1231712896578617354
1231713827638652929
1231714629073743872
1231707428951121921
1231708082645938176
1231700509557477379
1231700611135090694
1231701033988116481
1231701447101865989
1231702006336802816
1231702106614247426
1231702161467346945
1231702669103968263
1231702760858570752
1231702941259702273
1231702995244593152
1231703113083621376
1231703170977587200
1231703367707242499
1231703976741085184
1231704075022016512
1231704273001631747
1231704382632349698
1231704625792847873
1231705197774241792
1231705678353457152
1231705802001592321
1231705830808080387
1231705933878824967
1231706022835900416
1231706498394394625
1231706754947391488
1231707882229501957
1231708128644927488
1231708156990017536
1231708913877340161
1231709898637021185
1231710886630502400
1231711445190168577
1231711953514647552
1231712285468643334
1231712450002726914
1231712727636348928
1231712746229698560
1231712788114006022
1231713391804284930
1231714467555221505
1231701219753721857
1231701877328355328
1231703188044165121
1231703700407754752
1231706357360926720
1231707542042140672
1231707943202152453
1231708648033968129
1231710107462963211
1231710163406553088
1231710862915899392
1231713131325534208
1231713843421892610
1231715128275537920
1231712021273628672
1231701410070265856
1231702721696321537
1231705973787709444
1231711494057811968
1231713159892865033
1231712329596887040
1231707314123571200
1231709941632729088
1231701213588135936
1231701812820008962
1231702572639105026
1231703291421188097
1231703784029597698
1231703820155179017
1231703854712049664
1231704141828849664
1231704494595018753
1231704978991058946
1231705733198163968
1231707511067156480
1231707928966639617
1231709355634053122
1231709898314002432
1231712211514675205
1231712440053833733
1231713065860816897
1231713691529293826
1231700851200270336
1231701020000030721
1231701161541013510
1231701165362089984
1231705484941381632
1231705493976109059
1231706267464409089
1231706755282894850
1231707979956785155
1231708478776971264
1231709007804555264
1231710128526831616
1231710230951735301
1231710892158529536
1231710985439895555
1231711844752121857
1231711988675489792
1231712751870976000
1231713414499663873
1231713625301082113
1231713631315775488
1231714059608825856
1231714735424450560
1231702963699224578
1231702105146249217
1231706330165063681
1231709417562943488
1231710183585394690
1231700839447879681
1231701285075869696
1231701480262029313
1231702519799320576
1231702899274735619
1231703171413704706
1231703171271208962
1231703600176533504
1231703812156596228
1231704148078362625
1231705175603240960
1231707335447531520
1231711999039561730
1231713901294882816
1231714385099468800
1231701862614695936
1231701122227875840
1231704033792024576
1231704444036886528
1231704641861300225
1231704931977093121
1231705404935196674
1231705476829716481
1231705508677070851
1231705948013711368
1231706196924600325
1231706210535190529
1231706226133815297
1231707489470689280
1231708206969376768
1231708234207186950
1231708683534524417
1231709745779793920
1231712176211218433
1231713062270513153
1231713216478294016
1231713328164167682
1231713424196935685
1231713467805118466
1231702574178406403
1231703173292797952
1231703426653925376
1231704311438200833
1231704464937095168
1231706715315458048
1231707522635051009
1231709994401357824
1231710863834390530
1231711055333806082
1231711096626712578
1231711723335364615
1231712133819387907
1231714095885406208
1231714382775832581
1231714989318250497
1231700387419299843
1231700672468398080
1231711963434147841
1231713479628926977
1231714363381354497
1231704905599025152
1231705032334114824
1231710563417362432
1231700929017192456
1231701712051855360
1231702343089098752
1231702441952980992
1231702679765835776
1231714786636943366
1231700880661131265
1231701080704258049
1231701228058562568
1231701328986071040
1231701980038549504
1231702657917689856
1231704021515280385
1231705071529885697
1231705715636625409
1231706067761029121
1231706723511078912
1231706763747041281
1231707584689819648
1231707936940085249
1231708409025748993
1231710308860862465
1231710665003454465
1231711999291203586
1231713742016122885
1231444038009708544
1231446919165153280
1231452130038427648
1231444304276721664
1231444521155731457
1231446495947370497
1231448632177590272
1231450635905781761
1231451208411484161
1231456052341825536
1231458374660894720
1231458483184295936
1231455428850130944
1231453227058651136
1231444577346871297
1231444723740610565
1231450712711876608
1231451847161937920
1231455801342033922
1231447883343450112
1231450736917196800
1231456410132713519
1231457022601842690
1231457451213574146
1231457671217328128
1231457397601951744
1231450731221176321
1231451782154461184
1231519132719427584
1231519454368014336
1231520826538840064
1231521403129614336
1231521836011266048
1231522572640169989
1231522683604606976
1231523899151654912
1231527240581763073
1231528638383902720
1231529282301825024
1231530981326237696
1231531574698573829
1231531979377709057
1231532613413851136
1231533228454023169
1231524077501845504
1231525095476211714
1231527192078757888
1231530194357424128
1231531507237490690
1231533013617586178
1231527972273901569
1231531273514049542
1231520672716857347
1231524014532780032
1231524136410927104
1231524198293659648
1231524554033553408
1231524638192283656
1231525203240521728
1231525544703004674
1231525818335100928
1231526125282758660
1231526511456464903
1231526518653890561
1231527164694142978
1231528459895234560
1231528806835466240
1231529640797315072
1231530208454488065
1231530747841961985
1231531798913482754
1231532392235642880
1231532690723233797
1231533197042880512
1231533595212369920
1231533643245461504
1231519637956911105
1231520846532968448
1231520998593265664
1231521497468080128
1231521603449692161
1231521702879940608
1231522164706357253
1231522392549269509
1231523770873110531
1231524611906572288
1231524710741151744
1231524825677647874
1231525189936128000
1231525413899395073
1231525602894716928
1231525967811809280
1231526714024636417
1231527001640574982
1231527522426347520
1231527783320489985
1231528425766236160
1231528918919925760
1231528956609925120
1231529491635286016
1231529999489994753
1231530106465783808
1231530672269021189
1231530982358036480
1231531979209936896
1231532275608834048
1231533458419220481
1231533463167213568
1231534046917931009
1231520304914223104
1231520339995373569
1231520476486406144
1231520767017394176
1231521251010719745
1231523146240602114
1231523552391843842
1231523682926854144
1231523927618465792
1231524207294545931
1231524256179216384
1231524667208486916
1231524680462479361
1231524849811673088
1231524919009255424
1231525064430047234
1231525066875318273
1231525134286106625
1231525151306592257
1231525170067755008
1231525301261393920
1231525396950196228
1231525714350002176
1231526042323517441
1231526177808035845
1231526410503806976
1231526615282257920
1231526869847158784
1231527120905678849
1231527210504335360
1231527227843661824
1231527885971824641
1231528050405396481
1231528595115401216
1231529389319499782
1231532108457349121
1231532429220962306
1231532923918180353
1231532928913543168
1231533805367910402
1231534073539104769
1231520438683131905
1231523050673393664
1231531315067006976
1231531754571345921
1231532224341827585
1231519975988506629
1231521199504658433
1231522130128506887
1231523876686979072
1231524036477366272
1231525011585949696
1231525812341440513
1231528070806429696
1231528300767567872
1231529167977689088
1231529542818390016
1231530198815911937
1231530479121244163
1231530774773424130
1231531151690469377
1231531172032909314
1231531348415963138
1231532184495968256
1231532731512893440
1231533857486385153
1231519164818477056
1231520421780107264
1231521180168970242
1231521227661025280
1231521750732726273
1231522605787729920
1231524545003245570
1231524739195248641
1231526423191572480
1231526650707369984
1231527260118802434
1231527719927713797
1231527907983577088
1231529280007479297
1231531873811279872
1231532026630672384
1231532827864334336
1231522564767395840
1231527657763934211
1231529541438443521
1231530940205273089
1231532436481302528
1231534004865839104
1231527038697299969
1231528994903875584
1231532828124438528
1231521204714057728
1231521413317713920
1231522455040204801
1231519715639558144
1231520208889634822
1231520888048300032
1231521100665847809
1231521959948759040
1231522389818826752
1231523056029401088
1231523089927852033
1231523326666969097
1231523413564493825
1231523512457756672
1231523869380444160
1231524118551519233
1231524506088460288
1231525206608502785
1231527537202860033
1231528567323975680
1231528886158188546
1231529293466996739
1231529468969312256
1231530045052768261
1231531498911584257
1231532759178514434
1231532901948444672
1231533194522058752
1231533973991567365
1231520445767331840
1231522868938379265
1231523335235948544
1231523448339431424
1231523651171889152
1231524789073907712
1231526562555625473
1231526739635048448
1231527380268781568
1231527693935575042
1231527706250170370
1231527851079479296
1231529778383147009
1231530137977577472
1231531109978169345
1231531247127625732
1231532003922792449
1231520777473708037
1231521816054767617
1231522861464129536
1231523179555966976
1231523409881960449
1231524013115084800
1231524211929288705
1231524538804056064
1231524833588019201
1231525348245897217
1231525869866319872
1231526096929263626
1231526185517056002
1231526279599525889
1231526712875376640
1231526954458845186
1231527034540711941
1231527770397782016
1231527885183254528
1231528152914112512
1231528285064048645
1231528330903670784
1231528370351017985
1231528369302515712
1231528436251926530
1231528722345447424
1231529042735763456
1231529143906467842
1231529967164493826
1231530233871859712
1231530565070966784
1231530796424536065
1231530932248727553
1231531481086005249
1231531584408432640
1231531836314132481
1231532669978185728
1231533351330336769
1231533624488529921
1231533851777884161
1231534134683717632
1231533073864503297
1231529898805727233
1231530852477284353
1231520916217253888
1231519867234324481
1231523049553485824
1231524153695580162
1231524282703994880
1231524472101974016
1231526781859049479
1231527312010698755
1231530298501976064
1231530373986897920
1231532411994898432
1231533522143322112
1231534004844867584
1231519615869739009
1231520007873585154
1231520333540339712
1231521482305654785
1231521924125204481
1231522819328151552
1231522971900141568
1231523308455239680
1231525451358756864
1231525542903631872
1231525548276551681
1231526291008040960
1231526602732974080
1231529712272449538
1231530570167062528
1231530835913957376
1231530842167611392
1231530966671396865
1231531163627511809
1231531279029592064
1231531386223439873
1231533062556704768
