1230579125246726145
1230572274824163329
1230577608418562048
1230567927717363712
1230567959682306048
1230568504388132866
1230569863640424450
1230572781722570752
1230575809846489088
1230577758234910720
1230572085988204544
1230575072928239621
1230568214406586368
1230568267430785025
1230568345562300416
1230569700423340034
1230570313190166530
1230570669626339328
1230570908823236608
1230571274205892608
1230572360958435328
1230572718593937409
1230573111004844035
1230573137076588544
1230573139253481472
1230573372666413057
1230573481441595392
1230573511397253120
1230573689122492417
1230573788603002881
1230573972766494720
1230574123971162114
1230575110211407872
1230575323164618752
1230575396032253960
1230575632825929728
1230575634239254528
1230575866197028864
1230575875789377551
1230575977933266944
1230576551244120064
1230576623931527168
1230576836117180416
1230577460502302725
1230577912975368192
1230578452048306176
1230578477381844996
1230578503541821440
1230578687340351488
1230579459146821632
1230581514150260741
1230581661647110145
1230581840353857537
1230581850575339520
1230581953373536264
1230582186069368833
1230582251139846147
1230582550659248128
1230582827898605568
1230568179426037760
1230574990174695424
1230576548572532736
1230580765961981960
1230581459364327425
1230582464051056641
1230570948652412931
1230571599432159232
1230572550473895938
1230574388606623750
1230577870680055808
1230581256183832577
1230567799032078341
1230567959321554945
1230569005389189121
1230570651225907200
1230570754070261760
1230572196222861313
1230572687216521216
1230574015519117319
1230575490047586306
1230578280484474882
1230579153566650369
1230579432638816256
1230579566319742977
1230581352061374470
1230571957726384129
1230577742787248128
1230581323720511489
1230573867493658626
1230572862014132229
1230573030981742592
1230569434785304576
1230570264389353474
1230571398902489089
1230571405433020416
1230571971194302464
1230574269568049153
1230575159666446339
1230576607473082368
1230576650796048387
1230576808082497539
1230577450184257538
1230577637304754180
1230579041746509826
1230579126177816577
1230579334735331330
1230582091336867840
1230568024286973952
1230568497488547840
1230569188755820544
1230569861648207875
1230571963090862082
1230580833683230721
1230582477007327233
1230567802366353408
1230576905553948673
1230581563332669440
1230582526261047302
1230567867483131906
1230568118973538305
1230568223025836033
1230568351186944001
1230568417087737858
1230568491838771200
1230568675549290501
1230568885683810304
1230568916390498305
1230568949911175176
1230568969179975680
1230568995473907713
1230569112465821698
1230569319563714561
1230569328627585025
1230569486169800706
1230570007412793345
1230570403451588610
1230570566576484363
1230570643806179329
1230570686441283585
1230570697447088130
1230570743668379648
1230570782067220482
1230570888250249218
1230571168672948225
1230571385912774660
1230571391424004096
1230571452295979013
1230571758400528391
1230571960305881088
1230571974088368128
1230571979658403840
1230571984091844608
1230572486544252929
1230573038812499980
1230573065655984133
1230573075252629505
1230573420334723075
1230573429809651712
1230573462881783809
1230573639084408842
1230573707229310983
1230573814213435392
1230573965002891266
1230574353433190405
1230574553849573379
1230574664726056965
1230574934444953600
1230575125231173632
1230575380290994176
1230575512591847424
1230575590681403392
1230576100163702784
1230576204094283777
1230576678839234561
1230576843675316224
1230577158466068480
1230577402197266433
1230577493255622657
1230577529217540098
1230577647345860608
1230577836550914049
1230578146099023872
1230578723340128258
1230579132175732736
1230579275595735040
1230579430675959809
1230579879953010688
1230579959888039936
1230580126146080769
1230580176020496387
1230580317901271040
1230580333453680646
1230580452571983877
1230580686886752256
1230580815899299846
1230580816494940161
1230580822199197696
1230580837931999239
1230580946711302144
1230581234721599488
1230581235455582209
1230581238869745664
1230581362635264000
1230581449587404802
1230581522413105152
1230581591359000576
1230581667762442241
1230581728198189061
1230581809030848514
1230581811304071168
1230581839259197445
1230581925259235328
1230582044822065158
1230582062773657601
1230582071447478274
1230582283247214592
1230582298556485634
1230582381792366599
1230582873994022914
1230576632101994498
1230574739162312710
1230580625155010560
1230581889435484160
1230572776353910784
1230580793199800323
1230567798100774913
1230568652296073217
1230570217023123457
1230574614503448577
1230574893282004992
1230575685107953664
1230576404317769730
1230581850567069696
1230582077982158848
1230567999830134789
1230570722545848322
1230576960138612736
1230581525877579778
1230484866665517056
1230490350231445504
1230484514092277761
1230489806569865216
1230477219589435392
1230477220776419329
1230477221875404800
1230477247808770048
1230478931431739394
1230480069996486656
1230482844155305984
1230485183880712193
1230488436500520962
1230488534374658049
1230489289261076488
1230489291978985474
1230489623715078144
1230491983849885696
1230492187546144769
1230479957941530624
1230484105231552512
1230486490423136257
1230486636129083394
1230480196438036487
1230481243420209153
1230481333425725441
1230482672444755968
1230485363145281536
1230486394650451969
1230491506684899328
1230491737514283008
1230491767084109828
1230481246368735232
1230481368519454720
1230477979630948358
1230478823302541317
1230479788734910464
1230479808729145345
1230479822201196544
1230479857789919232
1230479893143617536
1230479927226531840
1230479938345676806
1230479968846651393
1230484734670786560
1230486914714697728
1230489196449738752
1230490232262361088
1230478468326002690
1230480982345732098
1230481486748491777
1230482682519441409
1230484324341948417
1230484956914253824
1230487228905873409
1230489885682868225
1230490855372357632
1230490972011847681
1230491554382565382
1230491724927131650
1230491738059526146
1230492026594045954
1230477866929922048
1230478889304182785
1230483897877659648
1230484848298614784
1230490408779702273
1230490059973054464
1230478008194076675
1230480329795829761
1230480333478473729
1230480339119808512
1230481434495852547
1230481690222571520
1230483934368223232
1230484938253905921
1230490545866395649
1230490578309320704
1230491883429924867
1230477576713490435
1230479658606628864
1230481295437967361
1230491245618831361
1230491651531059200
1230477301747417094
1230477310765170689
1230477402842783745
1230478289162133505
1230478587427479553
1230478792650563589
1230478901148897283
1230479029259640833
1230479218166976512
1230479484073193472
1230479644471832579
1230479858372878336
1230480118914732033
1230480193770397697
1230480276872138754
1230480962510827521
1230481033918853121
1230481096531496960
1230481222725492736
1230482088194904065
1230483948322553856
1230483948549091329
1230483989510709248
1230484333858902017
1230484572179177472
1230485576052178944
1230485581882429443
1230486658933501955
1230487159620108288
1230487371793272838
1230488269470740480
1230490508742529025
1230491268775583748
1230491344252162049
1230492276876509184
1230478916470571008
1230479866455347200
1230486557750112257
1230488990706524161
1230482419263983617
1230486585675829250
1230489879634685952
1230478700040409089
1230480109695635457
1230480551599071234
1230480835389816832
1230481105968562176
1230481202550890497
1230483879791910915
1230486256922103808
1230479321615290369
1230482170382372865
1230482276133113857
1230486172570390529
1230489109690449921
1230296512560795652
1230299475501076480
1230305314089598978
1230297776803794945
1230303440154181632
1230303492247564288
1230306878539927552
1230307656444805123
1230299868788293632
1230300134522675200
1230300122417901569
1230299412892725254
1230268787598995456
1230267644282114049
1230268216661987329
1230269475825635328
1230271663478054912
1230267017086873605
1230276399656833025
1230266538399346690
1230273562931605504
1230274330942169088
1230276303556837376
1230276454866472961
1230280600512278529
1230272846506733568
1230267672107143169
1230279109864980480
1230266383256236038
1230275070427369479
1230279483640426502
1230279939783569408
1230266607160713216
1230269926478372866
1230272659952410624
1230279852126806019
1230273395972956161
1230268545201790977
1230269112225554433
1230270382839562241
1230266854880534529
1230268280985858048
1230268757840474114
1230269269847478272
1230271459198689280
1230271810073223168
1230273813121785856
1230274170375806977
1230274336638066689
1230274652473319431
1230277261565231106
1230277708627742720
1230279515865219073
1230272550518874116
1230270044678107141
1230265836029562881
1230268626718150657
1230269226704941057
1230269497636016128
1230269866902478855
1230270742987771905
1230273711477084160
1230273747837431811
1230274677454594048
1230279698095144960
1230621943210139648
1230625286187864067
1230616842806398982
1230617820305776641
1230619780144562176
1230626013937328129
1230626687244697601
1230623380430376967
1230614120086593537
1230614297845391362
1230614707276517377
1230614807004536833
1230614811802771456
1230615254167703552
1230616696303554560
1230617931467436032
1230618997793705985
1230619268871577601
1230619794325549057
1230622557000339456
1230622634544713728
1230613930474688512
1230615190179323908
1230617727146045443
1230613237307191296
1230613247906263045
1230613376432246786
1230613422271795202
1230615359000129542
1230615567859621888
1230615865592291328
1230616905427410950
1230616952248336385
1230617103591407616
1230617787883802625
1230617803616661504
1230618473514094592
1230618999836356608
1230621623763558400
1230622140191342592
1230623380992352257
1230625957062610946
1230626074544963585
1230627287302889473
1230627771166216193
1230627417045204994
1230619325242990592
1230619824490975234
1230624255932600320
1230616112573943810
1230617806036766725
1230619425461719046
1230620591339819008
1230620784936222729
1230624451592585218
1230625008541667330
1230626592021471232
1230616996389232640
1230620890154532864
1230625216440619008
1230626467417120768
1230613737121492992
1230614872028860422
1230625156462206982
1230626792534401024
1230613273365667840
1230618839035056133
1230622310018797569
1230622798806044673
1230622979744137216
1230615764262170624
1230622011355017216
1230613714598060034
1230614094610345985
1230614497322291201
1230614643208527872
1230614789640069120
1230615409121988608
1230615736831414278
1230615822881738752
1230615829844307968
1230615995456409601
1230616195747000322
1230616198297083905
1230616201015046146
1230616205159010305
1230616210913538054
1230616792596385795
1230617030434443270
1230617783295266822
1230617938354462721
1230618088292352000
1230618305792225282
1230618580011622400
1230619028508618752
1230619104123465728
1230619330913677312
1230619692051636224
1230619872822005760
1230620034772369408
1230620537417797633
1230621732630859777
1230623069909266432
1230623133226369024
1230623775928070144
1230623879594414080
1230624144984870912
1230624196641853440
1230624208935366656
1230624279236087810
1230624326715682816
1230624446353899523
1230624921925099521
1230624967177523206
1230625084374732801
1230625733372006400
1230625781904289798
1230626542159585281
1230626724964118531
1230626748288688135
1230627028216504322
1230627405892550657
1230627490479136768
1230627793635086341
1230628166013800449
1230620401560162305
1230613545206919173
1230618164020596741
1230621912604250113
1230620137797148674
1230625737654374400
1230625824790974464
1230626409707659264
1230628125089902592
1230361199310708736
1230366687972728834
1230367479014313984
1230369626825072641
1230358091222470661
1230358831676432385
1230366518199885824
1230366952037736449
1230367666810052608
1230368027201474566
1230368453103640577
1230369673985875969
1230371145091895296
1230371336737951744
1230365750730338304
1230368560725340161
1230368758608384002
1230369418292625408
1230370314527346688
1230363953382846464
1230365159450914816
1230357361669353472
1230363641146466304
1230366033833349120
1230371167153926145
1230356604664582145
1230356694003261442
1230359811306315776
1230359862283890688
1230360127129014272
1230360768874471424
1230368044003856384
1230370714403950594
1230358828522315778
1230367975988965376
1230368130012209153
1230360261774708738
1230366706171875330
1230368312195985408
1230357843418779649
1230388617803190275
1230390388353007622
1230391261527445504
1230394217618272256
1230395752452706305
1230395805531545602
1230399856981741568
1230398608979222529
1230386996557668352
1230387598708834305
1230388023742914565
1230388179385094144
1230388191980662784
1230388194677575681
1230388215711961088
1230388840843665409
1230389633432854528
1230389638633795584
1230390123977748481
1230390926389993473
1230391230309261313
1230391582853095424
1230391641422417920
1230391877146464258
1230392166545022977
1230392615302025217
1230394066745090050
1230394364519702529
1230394551812141056
1230397458582208512
1230398469900247041
1230398883785773057
1230399203727331328
1230399214896717824
1230399880524374017
1230400525138563073
1230400550925164545
1230400790709313536
1230401146524700673
1230401265743663104
1230401468156395522
1230398383782858752
1230387537694334977
1230390872967143425
1230401137603424256
1230386796493758464
1230390290126692353
1230390679425122304
1230390731132620801
1230391312035262464
1230392085846614017
1230392807728308225
1230392950225539072
1230393262990643200
1230393616528486401
1230393836284923904
1230394475819696128
1230395494922424320
1230395566011625472
1230396304670547969
1230396899624194049
1230397121775460353
1230397715198160896
1230398725341765632
1230400073219104768
1230400146124480513
1230400175933399040
1230401657244200960
1230396255597158400
1230389222219112448
1230389389601234944
1230386632538415104
1230389037049024513
1230389105994981378
1230391363008630784
1230391864894906368
1230399151046828032
1230399977467322368
1230389049115975687
1230389758544809984
1230390056713674755
1230390249982959616
1230390578443096064
1230390660353658883
1230391978640146432
1230393785760276480
1230396189830504448
1230396663711387649
1230388491353231360
1230391087983976450
1230391524560646144
1230393109185515520
1230394804300845057
1230396726579736576
1230398152290840576
1230398845282082816
1230400315201028096
1230400466405728257
1230401358290989062
1230389232407060483
1230390215346446337
1230398676440403968
1230400681091026945
1230386968376168448
1230387116036616193
1230388397904138240
1230388433111207937
1230388444326699009
1230388551759601664
1230389761145221122
1230391081025654785
1230391513550594050
1230392279040266240
1230393904010289153
1230394233766469633
1230394493079375872
1230394673987977217
1230395097289756672
1230395145624879104
1230395972242563072
1230397708189478912
1230398748477546496
1230399153005613056
1230400401020801024
1230400573322792960
1230400634467340288
1230400930685865984
1230391491039842304
1230393405705900033
1230395266928463872
1230386602578448384
1230387122642837505
1230388706068062209
1230388774200279040
1230389791335895045
1230391697764487168
1230392420736622597
1230392460255387648
1230392512856064000
1230393120459776000
1230393369022599168
1230394226497785856
1230394939793723393
1230396950723383298
1230397643647569920
1230398327021297665
1230398534941368321
1230399554220175361
1230399634964656130
1230399868323192832
1230399939806736384
1230400320720773120
1230400876130512897
1230400901451522048
1230401636088111104
1230390097763278848
1230390507899097090
1230392360275791872
1230394495893692416
1230400618390597632
1230387826446958593
1230388748082384901
1230391266480971776
1230391713061122048
1230394354033885184
1230395337749209088
1230395882270527488
1230396919211491328
1230399726564057089
1230400260968718336
1230390545610047493
1230394006280003584
1230394202414047232
1230394221913395200
1230395426748223490
1230399724554944512
1230401082272014338
1230401599794749445
