1231217182761193472
1231217830919581699
1231219585061396480
1231220212608983047
1231222829116514304
1231224495622496258
1231224628074418176
1231230952942243840
1231231695032061952
1231219872308305920
1231220667170856960
1231221812698238977
1231222433996251136
1231223143915761664
1231223508824395776
1231223612977405953
1231223627397423109
1231223799401656327
1231223892888498176
1231224044281892864
1231224223559012353
1231224224850874369
1231227214164828160
1231219730305945603
1231220807973601280
1231221125402759169
1231222651806453761
1231230570434367489
1231217183235149825
1231217497203933184
1231217508172038147
1231217577717882881
1231217892231917572
1231218121714937858
1231218524548476928
1231219119774670848
1231220467664637952
1231220866555490304
1231221031374852102
1231221725091835905
1231221951865245696
1231222290144284672
1231224462030364673
1231226867946020866
1231227696581107713
1231227719855353857
1231228770046169090
1231228848693563393
1231229076335157248
1231229111261188096
1231229407555149827
1231229611016630274
1231229671574065153
1231229816680087553
1231229819318345728
1231229841824997377
1231229846610677761
1231230095983104003
1231230356289880067
1231230394760122368
1231230928300728320
1231231792356765697
1231221913663541249
1231226371256569856
1231229948309987328
1231219532674555910
1231227017586188290
1231229139950194689
1231218224521457665
1231219317129256961
1231224325992263681
1231224613163630592
1231228731148120064
1231230656358866945
1231231570582949895
1231217259495985154
1231217692633423874
1231218313344278529
1231218377609371648
1231219126770786304
1231222031716409349
1231226902121152512
1231226951760777216
1231227333081784322
1231228662235660288
1231230012969365505
1231230364493975553
1231230802891100160
1231231546436325377
1231220103431233538
1231226661728870401
1231228087733542912
1231224939337994248
1231227346079961088
1231230649647927296
1231231532452515842
1231219507072466946
1231220584203390982
1231220849882976257
1231221652429647873
1231222801530527749
1231224595002191873
1231225747374837760
1231227239099961345
1231229689496244229
1231229789274595328
1231231698379124741
1231231860061151232
1231217077391769602
1231217167707918339
1231218820267859969
1231221268726329351
1231224185973809155
1231225223116185601
1231226145699508224
1231228361617346565
1231228688383037441
1231228984949694466
1231229235496411142
1231229570902298624
1231230395812896770
1231230678395760640
1231232136067375104
1231217237853429765
1231217266185981952
1231217790452948992
1231218269757018113
1231218599123181569
1231218627447283718
1231219792708874240
1231220654638276609
1231220916618702848
1231221042976378880
1231221574176563206
1231221720331231237
1231222437787971585
1231223495113297921
1231224359395713025
1231224635028594689
1231226321763753984
1231226714321227782
1231227985728098306
1231228285172015104
1231229204886409216
1231230533201539074
1231230688482988032
1231231012631433216
1231231308820602881
1231231379414888448
1231231974020407302
1231232072536252417
1231224443344752641
1231226078892642305
1231232159400308736
1231217075676303361
1231218008787423232
1231218084691791873
1231220901808660481
1231221388024872960
1231226161910484992
1231226261575553024
1231229566795911169
1231217363413958657
1231217644432510977
1231218428704370689
1231218779180457984
1231219048177860608
1231219261621796867
1231223028115263488
1231224662559985665
1231224763303055361
1231225149522878471
1231225512305070080
1231226072404054016
1231226248405438464
1231226451506139136
1231226997524828161
1231227177976373251
1231227430070820865
1231230702550691840
1231232118040256513
1231279096778280960
1231279238554308608
1231285086697467904
1231285743328387072
1231288812405501952
1231289631783649280
1231289634434506753
1231289761316339712
1231291165972017153
1231291406125293568
1231291879079235584
1231286159344574466
1231278354176860160
1231278398296686592
1231279108392472576
1231279207264727040
1231281996950835201
1231282222042419200
1231282928761569280
1231283654862655488
1231284324458225664
1231285392101519360
1231287616152014848
1231287627308888066
1231287950119493634
1231288814812962821
1231277930719907843
1231278696595673090
1231279551902298115
1231283189815169024
1231283438793240578
1231289627564265472
1231290409915158531
1231277631691280384
1231278048915398657
1231278489074044929
1231278965005987842
1231279553747783681
1231279939766439936
1231280373839077377
1231280952338472960
1231281189459197952
1231281363359272960
1231281573359689728
1231283538617683969
1231283750840995843
1231287545381736449
1231288209876885507
1231288879505903616
1231289231315800066
1231290044155146241
1231290276339167232
1231292444278493184
1231292460158025728
1231280773262696448
1231285085799886848
1231290912556376069
1231291316560068610
1231277557783441409
1231278417351520256
1231278545743290371
1231281533929107456
1231282307849424896
1231282840366714881
1231282850198163456
1231284413675319298
1231285260597506049
1231288681757061128
1231288877123592197
1231290421944475649
1231291514308976640
1231278883749715974
1231280788227993600
1231282202882772993
1231282285166694405
1231284073093529600
1231286044705927169
1231286527482789890
1231286859696873473
1231287203927646208
1231287714282123265
1231289721151725568
1231289985644535809
1231290545697361925
1231291858300604416
1231292496602378249
1231286030445301760
1231291153401688064
1231278532145373184
1231278740648402944
1231280108662640641
1231284780878245888
1231286982514552832
1231287255551139841
1231288688451162112
1231288815433715714
1231289375134273536
1231289457762078721
1231291113308332037
1231291978790424576
1231280058205188096
1231284362609594370
1231287083223920640
1231290704086929408
1231292390650060800
1231278017151995905
1231278255216439298
1231279633955459075
1231279837882540032
1231280373872709633
1231280785644281857
1231280920092606464
1231281984695042053
1231282154711273473
1231282361633005569
1231283008348487686
1231284715031859200
1231285025099915265
1231285880972828672
1231286066587619328
1231286345697546241
1231286815711268864
1231286968350318593
1231287037732499462
1231287385654255619
1231287599848968194
1231287882846961665
1231288381482655749
1231288445131247622
1231288508230389760
1231289494629949440
1231290476789190659
1231291240081129481
1231291681854676992
1231288324159135745
1231289216010772480
1231285908168695808
1231282752961511429
1231291636421988353
1231278075868057600
1231279142873817089
1231277988542636033
1231283550672097280
1231286330098843654
1231289278765903874
1231290842582786049
1231277976437678080
1231280492667953153
1231282550540206080
1231283816343404550
1231284776033816576
1231285878703697920
1231286508251832320
1231171794738073600
1231171888019275776
1231175663085813761
1231176006645493761
1231176221179990016
1231182896830074880
1231184695070724096
1231184849949659136
1231183675510968320
1231178213927407621
1231171795023278081
1231174001659174913
1231174368690081796
1231175345367285761
1231178223557500929
1231178274216300549
1231178933934198787
1231179335421304832
1231179599045853190
1231180137259061248
1231183201692983299
1231183635182542848
1231172296762707969
1231177197135724545
1231179036967231488
1231179332770500608
1231183355225542656
1231185956394455040
1231173089548894209
1231174363803783168
1231174457361944576
1231174539809296384
1231174883167678464
1231175010024394753
1231175105507680256
1231175498115448832
1231176471298924545
1231176633408802816
1231176717047418883
1231176776711393280
1231177348701196288
1231177439507832833
1231177776767684608
1231178004816105472
1231178119341641735
1231178285956161536
1231178755009384449
1231179319143288833
1231179625520418817
1231179805212717056
1231180325826547714
1231180444718260224
1231180688210243585
1231180695147601920
1231181217011306496
1231181741341147136
1231182478779539459
1231182681393770496
1231182774180220929
1231182845089079297
1231183330546200577
1231184903942877185
1231185495771750400
1231186341238624258
1231186709120987136
1231186718298189825
1231185745303326720
1231172541965914112
1231177628046045184
1231178069823643650
1231178253739708416
1231186317897236485
1231172515176820736
1231172892504752128
1231174255301341184
1231174572248043520
1231174798329417729
1231176233792221185
1231176344727425025
1231178246613585920
1231178386766258177
1231179594067333123
1231179625256161281
1231179961073094656
1231180701128679424
1231183552844378113
1231184158724104192
1231185313109872641
1231172227762094080
1231173280272392193
1231173946046898178
1231174173009104897
1231175435037429760
1231176783715864576
1231176970542702593
1231179118114414597
1231180087422341120
1231182261195870209
1231183056389709824
1231184320456527873
1231184881272737792
1231184884393271296
1231173680987803653
1231177869163974657
1231177949904351232
1231184109252358145
1231186862854868992
1231172353608093697
1231179803866345473
1231182109949222912
1231172163266281472
1231173150320287745
1231173736767905792
1231173828312805376
1231174084903538690
1231174299978956800
1231174477444198400
1231174632943824896
1231174850934444037
1231175156845961216
1231175633738326016
1231175977067327488
1231177074716631042
1231177393601204225
1231178172844138496
1231180558237159424
1231181757325680642
1231183829102219264
1231184043821207553
1231184094081486848
1231184335069483009
1231186548709888000
1231174753215483904
1231173465266360321
1231173606379524096
1231174019623399424
1231176195313721345
1231176674248708096
1231178015385804800
1231178173762719744
1231179024476577797
1231179158753103872
1231179660115021824
1231180657994412032
1231181156114206720
1231182019822002176
1231183159460540416
1231184475255693314
1231185033316139009
1231185507943665664
1231171894214320132
1231172023751258112
1231172116873121792
1231172331827073030
1231172835101593601
1231172953800368129
1231173154556534785
1231173456248627202
1231174021590536192
1231174039567261697
1231174574517161984
1231174992026636289
1231175128085671936
1231175232830001153
1231175418427969536
1231175436064915456
1231175578667098112
1231175697114320897
1231175720254218240
1231175843210244096
1231175894368169984
1231175926068793344
1231176482820628480
1231176546498629632
1231176751805534209
1231176769820033025
1231176967170482177
1231176977480060928
1231177248532844544
1231177797768564737
1231177987837616128
1231178224987758593
1231178279735975942
1231178502742913024
1231178692644294656
1231178706024116225
1231178926984171520
1231179033464975360
1231179086430601217
1231179735968952321
1231179960527785985
1231179990009548801
1231180132947152896
1231180145005867009
1231180669872680962
1231181046886076417
1231181233750708224
1231181359827357703
1231181635040743425
1231181907477614593
1231182022921637889
1231183479372644352
1231184424030609410
1231184850641727488
1231184980707028993
1231185348434284544
1231185834138886146
1231186298104406016
1231179575503224832
1231178828220895233
1231179353498800130
1231181327703138304
1231171992528793602
1231172793091358722
1231176313794441217
1231176705286561798
1231179212419162112
1231186242647339008
1231172050896719874
1231173179906908160
1231173338350981126
1231176833313447936
1231177655669706753
1231178345360039936
1231180096859463681
1231186085595795457
1231292886827794435
1231296349817143296
1231300157779644416
1231301820187889665
1231292653452525569
1231293718654783488
1231297366940143619
1231297457864237062
1231299808943640576
1231299878422056960
1231303410311401482
1231304248312332288
1231304563644420097
1231305134967336960
1231305298880684032
1231306930024378368
1231295308627398656
1231307552840966144
1231295480723886083
1231295575951335424
1231296046149578762
1231296564506787840
1231298350194077698
1231298572316004354
1231301360353759233
1231301374664728580
1231301717972660224
1231302085628571650
1231302774224228355
1231304070151000064
1231305021528125440
1231305280861999105
1231305619719827458
1231305694411968513
1231307228705173507
1231292823850364929
1231296052004884481
1231298738217455616
1231295347776987136
1231297210744213504
1231299605578559488
1231300360150622210
1231302349731303425
1231293072237002753
1231293468972081153
1231294230196297728
1231294761107120130
1231295120219267072
1231296344125509632
1231297434397106177
1231297612805963777
1231298815040401409
1231300176960094208
1231300287652147201
1231300295143149568
1231302989765320704
1231303265830264832
1231303616448823297
1231304866921951235
1231305838263963649
1231306474346803201
1231307360414633989
1231293800036917248
1231295007438594055
1231295450831032320
1231296065690898437
1231299988875026433
1231300162506629120
1231300826666274816
1231302355188146179
1231302891480199169
1231303901204373504
1231303935933243398
1231303987372183553
1231304441585979395
1231305339523534848
1231305389834149893
1231305723084247045
1231305761436897280
1231305884883652610
1231306128883146753
1231306350896001025
1231306375831150592
1231306393883488257
1231307314101133314
1231305748732358663
1231301721709850626
1231294509570502656
1231294782539993088
1231298238411661312
1231299167093510145
1231299235364188160
1231301014202044418
1231306201411006465
1231306423193284610
1231306570174226437
1231306645487128576
1231306936307605505
1231307019199668224
1231307513599025153
1231292852816224258
1231293534122192898
1231295363413311488
1231298497162416128
1231299481586536455
1231307538601316352
1231307608969052160
1231292654480175108
1231293193498525696
1231294103557681157
1231294581406388224
1231295082575298560
1231295122987536385
1231295862032207874
1231296088981803010
1231296167025180672
1231296200126746624
1231297437257654273
1231297464826761216
1231298042114035714
1231298137068843008
1231298451264229377
1231298544461545472
1231298560672530438
1231298997819727875
1231300429658705921
1231300853094633473
1231300903459852289
1231300965984296960
1231301041502728193
1231302439493656579
1231302564328693761
1231303282129281024
1231306658913169410
1231296654306877440
1231298212084015105
1231307467604348933
1231292808608264198
1231294315726548994
1231296178140086272
1231298379180888066
1231302043417137152
1231304345133645824
1231305487506903041
1231294782942646274
1231294830942269441
1231296976576229377
1231297530572529665
1231298526581284872
1231300415372898306
1231043465317953542
1231049962793963521
1231050340184793090
1231037049274322944
1231045730065944576
1231040281191047175
1231045400297181184
1231045779671994369
1231049381526278144
1231042153960308736
1231049733545721862
1231048110358646786
1231040975298015234
1231146315557502979
1231146692369670144
1231149057072082944
1231149087619211265
1231152589477163008
1231155090754592769
1231144172586971136
1231151985380003840
1231148917351501824
1231149862521131008
1231143033275604992
1231144872444416000
1231147379115659264
1231147698604138496
1231147876899852289
1231148128071385088
1231148638660898816
1231150089458143239
1231150646868480000
1231150771946782720
1231151272495063042
1231151273275207680
1231151791296983044
1231152150987902980
1231152550314958848
1231153462660009991
1231154148537700352
1231154389815103489
1231155003362074624
1231155020885843972
1231144900822994944
1231148682965389319
1231141904470941696
1231142086797414401
1231143015529537536
1231143106755477505
1231143877526138880
1231144384567160832
1231145226389131265
1231145553930653696
1231145812060712960
1231147345108197377
1231148187525820419
1231148670776741888
1231150068683681792
1231150476533608448
1231151113325416448
1231152310618816512
1231152363475537920
1231154248622182401
1231145364696313858
1231152135460589570
1231156430318788608
1231141745825583105
1231141885126881281
1231142043470135299
1231142435054661634
1231144728743333888
1231149802580213760
1231150597681958912
1231150744662892547
1231151562988367872
1231153445253636096
1231153534172880896
1231154475638951936
1231155407776821250
1231155432451792897
1231155435069046786
1231156106883477504
1231141907557945345
1231143536717946884
1231144192828694529
1231145728233308161
1231145931325792258
1231146863010689024
1231148914495107076
1231149898587918336
1231151315625160704
1231152759304577024
1231152850014744577
1231153621804421120
1231155782303076352
1231155956786040832
1231143915056705536
1231147504705658880
1231149948256882688
1231153991691665409
1231151621830299648
1231148558323273734
1231150073058332673
1231141613499559942
1231143561007181824
1231143742368813058
1231144676218023940
1231145612093132801
1231145652966559744
1231145912250109952
1231146441214701569
1231147121090473989
1231147745454497792
1231147821295861760
1231150105673293824
1231150883553058817
1231151535477837824
1231152188912754690
1231153920933793797
1231154122122027009
1231155558943797248
1231155606603681793
1231155803719110656
1231155883364802560
1231156083365945344
1231152962447323136
1231146351737659392
1231147455355478017
1231152089855860736
1231153872456101889
1231154759379423233
1231155566690656256
1231156618450100224
1231142944855465984
1231143260409737216
1231144278350536704
1231144871743893504
1231145368718626817
1231145737825718272
1231146018898575361
1231146056987152384
1231146865237938177
1231146908976021504
1231146957332254722
1231147102274715652
1231147340477730816
1231148163907670016
1231148371605413888
1231149380557774848
1231149610720256001
1231150467209670657
1231151026331361285
1231151232464584704
1231151894338379777
1231152536196976640
1231153984917901315
1231155045393141761
1231155736320802816
1231155783527751680
1231155827953799168
1231156004110393345
1231156097450479617
1231156161128411136
1231156249238155265
1231156344344006656
1231141915409702912
1231144244091457538
1231144638850961408
1231145237487194114
1231151237648855040
1231152112815550464
1231153064096169984
1231155164893122561
1231156262328557570
1231141590682554368
1231141853984120832
1231142823304585219
1231146689463017472
1231150016598769665
1231150242839584769
1231151989574307841
1231155426676350976
1231096986352353280
1231099096619999232
1231103725831426048
1231105810308177920
1231096621183750144
1231097529120546817
1231098858782023680
1231099792434114560
1231101411036991489
1231102622670651392
1231104245497303041
1231106570991415297
1231107502764199936
1231107544736768000
1231107713444319233
1231106389675671552
1231098339845955584
1231102485852344320
1231105433663934470
1231105712316653568
1231109850429632513
1231110831737208834
1231111223414009856
1231099337863782400
1231103106223570949
1231103179426799616
1231103752645627904
1231105207934836736
1231099732690382854
1231097854741143552
1231099234302283777
1231099449839104002
1231099855344427009
1231100067823652864
1231101413842923520
1231104169219629056
1231104199120883712
1231104344046624770
1231098720470622209
1231099190723391488
1231101121726468097
1231104618245083136
1231104840673173504
1231106456528834561
1231106988697964545
1231107358186668032
1231107770700705792
1231107933964001280
1231108110779023361
1231108255499288577
1231109519230603264
1231109638373941253
1231109729054871552
1231109764752510978
1231109943262109697
1231110245885382657
1231110432183791619
1231110534889721856
1231099375784517635
1231098811373760518
1231098200909590529
1231099535432339457
1231104331962699776
1231105327640256512
1231110877056786432
1231101815271215106
1231102532048560128
1231110100451905536
1231097590600622081
1231097697576345600
1231097964677955584
1231101663672504320
1231101891913887746
1231102847888084992
1231104276555894784
1231104718744817665
1231105121230237696
1231106062536888320
1231106356628815873
1231106424190754816
1231108303247286272
1231109608594427905
1231110429553954817
1231099508571897856
1231108128441327616
1231109943266336768
1231104083383156741
1231007639003443201
1231008070949646336
1231014338724540419
1231008483018969089
1231009563874398210
1231010506137391109
1231013814801502208
1231014422568722440
1231015506934685696
1231017396149813249
1231019779114389504
1231009590948618240
1231006601680760833
1231018355013890048
1231014104787234817
1231014268079878144
1231014643067490304
1231006181809889280
1231012967333933056
1231006474702381063
1231006085479358464
1231007216867692545
1231008280559915009
1231010803630977034
1231012062039592964
1231010198778777601
1231012138849914881
1231009196428136450
1231010999576223744
1231017507537981440
1231204067369783297
1231208632114499586
1231210205553332225
1231211272986865664
1231214635132555264
1231202921557217281
1231213898919030785
1231214766926028803
1231215489319424002
1231215999724204032
1231211131097796608
1231211135396917249
1231213811304103936
1231203597930696704
1231203676896800768
1231203944027869189
1231204137058160641
1231204492546396161
1231204493179719680
1231207093673299968
1231207480002334720
1231207621228728320
1231207726350569477
1231207869766197248
1231207900749717504
1231208504561668097
1231208621809307648
1231208734178922496
1231209124643442688
1231209525665050624
1231209640211468289
1231210064603754496
1231210956379873280
1231211034523906048
1231211176706572294
1231211486091063297
1231211489635307520
1231211943404417024
1231211960869494785
1231212014598524928
1231212170974724096
1231212252902100994
1231212743950249984
1231214907892338688
1231215468461121546
1231216053864235013
1231217005870665728
1231203470805524480
1231204000923410434
1231207690828951552
1231211498153947139
1231212030033567745
1231213236403523584
1231213349788057600
1231214285809950720
1231215254916534276
1231215811383222272
1231202482212265984
1231203229091889152
1231204322513498112
1231204589292130310
1231207649896796160
1231208009528942594
1231208294724882432
1231209627750150145
1231212622827130880
1231215298705084416
1231215810800234496
1231215979679621120
1231216012688809986
1231211779927281665
1231213863703588866
1231202891823767552
1231208517031342080
1231208657628618754
1231211492890087424
1231213299943006213
1231215714830311427
1231216343556481024
1231216620812619779
1231202679487172608
1231204581075562496
1231209703742541825
1231213620866035712
1231214641214304257
1231215491731148800
1231215706752143360
1231216101343842305
1231202254985814016
1231202428130906113
1231202553490268160
1231203395735818240
1231203654536957953
1231203950147330048
1231203979247394818
1231204297792217090
1231204673811550210
1231204735459504128
1231207196127629314
1231207703520907264
1231208037081395211
1231208264915918848
1231209163251908609
1231209299285880833
1231209307233976320
1231210010337775616
1231210203779125250
1231210614237925376
1231210802973200384
1231210907340021761
1231211109555867648
1231211731927666693
1231212392173969408
1231212863479525378
1231213086717157377
1231213274781319169
1231213621235113985
1231213738210025475
1231215343575732226
1231215620303310848
1231215771797401600
1231215788754898944
1231216160768765952
1231204128581472256
1231204822608744448
1231214512663146496
1231209054523056128
1231212527327105031
1231202994923986949
1231203202277814272
1231203699088859139
1231203780206776320
1231207564827877377
1231209234131570691
1231209335365263360
1231211172365340685
1231212032776638466
1231213041829732353
1231214613070536704
1231214863474724865
1231214892436410368
1231216771765620743
1231322782593617922
1231323095618785282
1231323144050348039
1231328569999134721
1231331583300374529
1231332029469544449
1231335238120484864
1231337032867307526
1231325000306765824
1231326098631335942
1231323107283083264
1231323183715934208
1231323470618939393
1231323829819105288
1231323999629709315
1231324205783900160
1231324497174781952
1231324858140766210
1231326056079998976
1231326218441678848
1231326596692414464
1231329472755982336
1231330057723039744
1231331761688391680
1231331891665670149
1231332387163906048
1231333393817837578
1231333942155993089
1231334893055021057
1231335625141473280
1231336053199515649
1231325506785681409
1231326866079985665
1231329131083599872
1231330584087191554
1231331094039080960
1231334848230457346
1231337758909706240
1231324252277805057
1231324269461868544
1231324363435249664
1231324652796026880
1231325560770613249
1231325776139751425
1231326711784099842
1231328824996003843
1231330128011112448
1231330588847722504
1231330910865416192
1231331516120227840
1231334032933302279
1231336480368480256
1231337695051485185
1231328518128140288
1231328542375522304
1231331684106276866
1231333403150225408
1231324745607655429
1231325307677937665
1231330158172307456
1231330705281601544
1231323838685814790
1231325113729114112
1231326007455600643
1231326576748433409
1231326654649241600
1231327928937517056
1231328333205561345
1231329038041583617
1231329919512334337
1231331931104710657
1231332006723756032
1231332050059264000
1231332366888656896
1231332520807010310
1231334726809591808
1231323187746611200
1231323446262534149
1231324395903291398
1231325385180229633
1231325436581498882
1231326756612825098
1231327229507973120
1231327710435299329
1231328021946171393
1231328391028146176
1231329410512498690
1231329809160187907
1231330286476124160
1231330478004883456
1231331288910618627
1231331999534780416
1231334268632272898
1231335985604124675
1231336645938630658
1231337035241316353
1231322875535265797
1231325263776145409
1231326263366897664
1231330342893752322
1231328323785109507
1231324884673933313
1231326233868283904
1231326547606417408
1231326683111686144
1231327066664161281
1231328345469657088
1231328365317181441
1231330403753037825
1231331659854884865
1231332591485231105
1231333317590573058
1231325272919756806
1231325727636717578
1231326890016854016
1231328047380430848
1231333223956910080
1231334530306519040
1231337553690755075
1231324763127238656
1231324845901832194
1231325215268966400
1231326247499784192
1231327381996146689
1231327804484136960
1231327814089093120
1231328376079683584
1231328471848275968
1231328901022015497
1231329447506317314
1231329870753468417
1231330193769484290
1231333135939448837
1231334004835532800
1231334894145396737
1231335546384982019
1231335850639798273
1231337300753289218
1231337418902720514
1231337446832472067
1231337679293423622
1231327662934757382
1231333678426574848
1231335235780063233
1231324305990004737
1231324971433156610
1231325505921671170
1231325593557487621
1231326739076452361
1231330268641886208
1231335464214450184
1231116413995245568
1231116420378918912
1231120889833541633
1231123814454583302
1231119698663739393
1231121375852662784
1231121961528545280
1231122254672646144
1231121205513654272
1231111400786780162
1231112262682861569
1231112404651692033
1231112597484773377
1231115700581826560
1231115895587721216
1231116830095355904
1231117069225275394
1231117081791356930
1231118970750668802
1231119447571734528
1231119694746157057
1231120703967125506
1231120704311111680
1231121256977747968
1231122200750678024
1231123625736097792
1231125682710892545
1231119209008173057
1231119412205363200
1231121547361910784
1231123916829188097
1231112426172682241
1231113088365142016
1231113907399462912
1231120179465248768
1231120968095010817
1231123002496081920
1231124800971689984
1231125161455255552
1231126149411016704
1231126424813260801
1231120034447208449
1231116934365708288
1231112148006375424
1231112380832239616
1231119056062820352
1231120490393198593
1231115991184068608
1231119213508644865
1231122386214424576
1231123079566438408
1231126415631945729
1231113341705302016
1231117585275551744
1231117805950570496
1231118437373693952
1231120538011078657
1231121317577011200
1231124688048443392
1231124690032349184
1231125686703751168
1231122385383895040
1231122943691939842
1231125027241840640
1231113519418036225
1231118756430016512
1231118830472224769
1231118962366255104
1231120006311706624
1231123743302410241
1231123936915677184
1231116300052783104
1231113527508815872
1231117256815521797
1231119530530832384
1231119908492251139
1231121003658522626
1231121908487335937
1231124497652207616
1231111469074460672
1231111930821185536
1231113015782715393
1231113154094039040
1231115555970654208
1231116743545888768
1231117143976140801
1231117161596358656
1231117751441383424
1231119061846806528
1231119435353726978
1231119957485871104
1231120411603148801
1231120784984346625
1231121613329960960
1231122742642184194
1231122912331038720
1231125091217526789
1231125325016444928
1231125484110352385
1231126053755793408
1231126027440660480
1231117649855361024
1231119866310074368
1231113602700054530
1231116579645067265
1231117237903384577
1231118614738034689
1231124886845902848
1231111657046335488
1231120438937505793
1231120856459497475
1231121496040525825
1231266544409247744
1231266989324324866
1231267719858638848
1231269087763935232
1231269939807477764
1231269969243058179
1231270271920807936
1231270871148486657
1231271097468903424
1231271676098289666
1231275375986167809
1231275565111480320
1231276415573807104
1231276872513785857
1231263839624343552
1231264419767779328
1231264756457181230
1231266730300846085
1231267416883302402
1231271744075374595
1231274588752867328
1231274620562608128
1231274800917700609
1231275379190632449
1231276317364146176
1231266752711004161
1231268956595462147
1231270452598902784
1231270844518850562
1231270866748616721
1231273950652571650
1231262513821626369
1231262810870513671
1231264501296762880
1231265044601671682
1231265767498375169
1231266613464379398
1231266621261516801
1231267481907494912
1231267828415725569
1231268808226222082
1231269734177476609
1231272322662912005
1231272624703115266
1231272786120921088
1231273684347899904
1231275069768421376
1231275836986265601
1231269924141772801
1231269979733008384
1231267318505844737
1231267414312181768
1231268857945427968
1231269256857341952
1231274296410071042
1231275407153954818
1231264400750723073
1231264836350287873
1231266366675660801
1231267432146358274
1231267456867536896
1231267871046721547
1231269312649887747
1231272073332346880
1231272318036520962
1231274241758310400
1231263566247976960
1231263679590563840
1231263887653253123
1231265985019174912
1231266207166291970
1231266310367084547
1231268375315329025
1231269158895177728
1231272645896876033
1231275621910810627
1231277464502128649
1231272533208522752
1231276429628801024
1231263056140869632
1231263319987716097
1231264163386855424
1231264782264741897
1231266891693510656
1231269143753773056
1231269318756667393
1231269857276125184
1231270087275012099
1231273225646157824
1231274658575634437
1231274767120031744
1231274971554598913
1231275493560901632
1231262490555830272
1231264721493463041
1231269944177897472
1231270208964349958
1231271003034128386
1231272964475301888
1231274028184297474
1231262480120340480
1231263720749359118
1231263973141549057
1231264281838182409
1231264514693267456
1231265234821767169
1231265473792180224
1231265544474677248
1231266815214542848
1231268706929520642
1231271148329021443
1231272000112513025
1231272998742654978
1231273154552770560
1231273688332488704
1231274079958773765
1231274799005151234
1231275083198386177
1231275105956909059
1231276734500265984
1231276988624756739
1231277237963493378
1231269981742084097
1231264292302966790
1231267823554617344
1231273671844671489
1231263897279025152
1231265474706649088
1231266867093868546
1231269883486375938
1231270449226690560
1231271747024048129
1231273012386762752
1231273822336188417
